-2.786934
-2.757697
-2.138377
-1.919493
-1.843464
-1.739662
-1.711455
-1.630758
-1.622502
-1.599841
-1.655240
-1.636476
-1.685734
-2.136316
-1.642142
-1.605076
-1.561962
-1.663186
-1.680686
-1.721102
-1.738146
-1.760209
-1.812501
-1.841003
-2.130179
-1.839405
-1.837879
-1.845578
-1.816876
-1.836571
-1.854785
-1.781370
-1.754698
-1.758816
-1.819835
-2.147954
-1.836011
-1.841531
-1.826949
-1.804422
-1.817111
-1.746518
-1.721324
-1.625301
-1.597249
-1.635497
-2.144114
-1.676934
-1.649190
-1.724751
-1.751617
-1.668520
-1.581736
-1.485423
-1.399014
-1.430907
-1.498467
-2.141097
-1.514595
-1.540632
-1.515767
-1.557744
-1.514874
-1.534457
-1.511437
-1.498789
-1.415651
-1.123603
-2.162726
-0.879720
-0.406258
-0.034694
-0.017740
0.231830
0.400331
0.650944
0.728562
0.682628
0.743223
-2.122111
0.822780
2.851862
3.298260
1.300362
1.339284
1.091961
0.822573
0.650934
0.476374
0.495406
-2.104365
0.892529
1.274503
0.712022
-0.177031
-0.265122
-0.292608
-0.400551
-0.341182
-0.329610
-0.156960
-2.090894
-0.261597
-0.143883
-0.296062
-0.327699
-0.431461
-0.432970
-0.300115
-0.018777
-0.015801
-0.122158
-2.766961
-2.062503
-0.043706
0.003731
0.078952
0.283351
0.426689
0.413615
0.219425
0.010438
-0.123587
-0.200529
-2.116576
-0.455766
-0.364222
-0.625487
-0.720557
-0.833144
-0.869794
-0.928658
-0.842268
-0.843514
-0.933567
-2.113812
-0.440873
-1.300045
-0.917339
-0.902107
-0.822535
-1.003386
-0.726003
-0.855399
-0.904595
-0.936350
-2.090965
-0.933717
-0.925924
-0.937102
-0.951807
-0.946431
-0.566555
-1.248523
-1.142968
-1.400358
-1.446334
-2.103347
-1.515686
-1.560339
-1.552711
-1.561581
-1.611221
-1.699497
-1.778705
-1.824832
-1.836621
-1.822804
-2.093225
-1.817195
-1.808398
-1.774729
-1.793080
-1.776135
-1.732733
-1.646670
-1.604124
-1.644499
-1.915073
-2.050693
-1.964869
-1.970259
-1.866408
-1.888934
-1.919766
-1.806000
-1.708616
-1.653958
-1.654393
-1.682763
-1.978482
-1.618665
-1.608165
-1.665331
-1.642642
-1.687414
-1.731196
-1.715455
-1.813645
-1.843982
-1.776435
-1.980480
-1.802840
-1.738743
-1.817891
-1.744948
-1.737035
-1.912083
-2.034325
-1.952216
-1.928145
-1.907679
-1.960846
-1.872062
-1.822420
-1.752282
-1.525927
-1.360723
-1.358539
-1.332841
-1.427999
-1.367195
-1.287590
-2.777155
-1.858791
-1.277911
-1.190630
-1.137712
-1.121087
-1.088157
-1.097688
-1.050858
-1.149900
-1.128682
-1.117378
-1.987672
-1.023057
-0.940632
-0.971103
-0.990534
-1.136439
-1.054061
-0.881596
-0.903732
-0.770135
-0.618878
-1.887542
-0.542470
-0.415514
-0.371675
-0.535049
-0.739608
-0.950721
-1.236148
-1.569147
-1.739597
-1.974470
-1.729912
-2.093779
-2.006674
-1.960663
-1.877104
-1.779329
-1.760122
-1.753641
-1.742408
-1.756496
-1.804321
-1.867186
-1.923371
-1.984285
-2.022207
-2.076257
-2.096614
-2.104126
-2.102179
-2.156220
-2.169862
-2.180323
-1.938933
-2.140062
-2.091756
-2.029101
-1.960212
-1.930837
-1.941569
-1.948836
-1.888082
-1.721402
-1.711490
-1.937899
-1.669463
-1.684091
-1.663152
-1.607384
-1.546336
-1.526704
-1.469920
-1.438360
-1.448269
-1.442203
-2.351544
-1.399120
-1.417027
-1.406308
-1.474459
-1.367506
-1.288315
-1.153413
-1.127340
-1.164315
-1.272812
-1.793996
-1.293777
-1.390377
-1.523504
-1.711853
-1.908022
-1.987949
-2.039365
-2.034600
-2.036291
-2.055313
-1.744247
-2.046910
-2.047201
-2.023108
-2.060789
-1.967093
-1.987326
-2.056987
-2.073392
-2.065845
-2.054560
-2.790687
-1.685987
-2.047854
-2.051939
-2.035824
-2.017705
-2.029006
-2.020283
-2.017737
-2.009479
-2.002219
-2.001436
-1.728316
-2.011240
-2.014636
-1.986933
-1.989504
-1.994342
-2.003936
-2.005790
-1.991541
-1.957877
-1.935424
-1.748195
-1.919420
-1.916960
-1.925387
-1.941750
-1.952050
-1.961868
-1.961269
-1.965582
-1.957417
-1.967976
-1.721155
-1.977919
-1.959078
-1.955205
-2.005922
-2.005018
-1.991952
-1.980833
-1.982641
-1.990804
-1.996552
-1.694223
-1.988343
-1.975402
-1.975908
-1.979296
-1.980023
-1.963637
-1.972142
-1.971272
-1.984129
-2.001486
-1.761571
-1.989062
-2.073081
-2.070519
-2.030008
-2.031157
-2.034582
-1.984130
-2.018446
-2.035071
-2.023353
-1.511248
-2.016815
-2.008117
-2.017940
-2.009621
-2.031055
-2.079027
-2.086354
-2.087852
-2.084069
-2.052043
-1.346555
-2.035942
-1.997617
-1.991758
-1.988202
-1.996678
-2.002938
-1.999377
-1.972773
-1.963808
-2.015760
-1.289790
-2.061139
-2.046159
-2.049640
-2.049101
-2.066600
-2.085986
-2.077808
-2.036886
-2.058332
-1.994648
-1.474703
-1.976531
-1.935589
-1.857413
-1.754861
-1.625261
-1.544520
-1.480935
-1.517575
-1.329926
-1.273010
-2.803122
-1.539409
-1.154158
-1.223625
-1.277684
-1.342383
-1.372901
-1.362892
-1.784968
-1.709015
-1.769210
-1.669446
-1.448749
-1.601246
-1.548301
-1.500468
-1.532971
-1.449762
-1.498424
-1.515622
-1.447541
-1.490990
-1.602115
0.125861
-1.657076
-1.589601
-1.528179
-1.625284
-1.563773
-1.601424
-1.509066
0.274069
-0.527653
-1.071063
-0.403017
-1.183949
-0.698039
-1.014253
-1.386599
-1.714804
-1.758829
-1.635738
-1.422372
-0.988992
-1.130040
-0.636625
-0.904548
-0.823077
-0.735592
-0.891758
-0.902421
-0.708059
-0.575167
-0.115691
-0.401599
-1.143575
-0.528776
-1.361773
-1.493988
-1.981845
-1.967283
-1.987258
-2.007987
-1.943982
-1.972901
-1.992444
-2.199174
-0.898938
-2.344941
-1.612060
-1.613544
-1.581921
-1.604245
-1.513814
-1.523143
-1.381770
-1.199542
-1.122711
-0.876541
-1.130671
-1.030048
-0.887621
-0.677335
-0.675664
-0.742450
-0.763772
-0.927581
-1.091266
-1.322940
-0.796767
-1.375040
-1.590628
-1.660703
-1.800407
-1.877934
-1.873888
-1.907351
-1.923711
-1.885227
-1.880822
-0.857203
-1.848471
-1.816132
-1.810686
-1.856313
-1.873721
-1.904116
-1.913012
-1.939105
-2.006607
-1.992215
-2.815516
-1.077620
-1.930206
-1.895136
-1.887295
-1.846052
-1.847717
-1.872269
-1.898636
-2.032135
-2.039712
-2.042266
-1.146991
-2.030230
-2.040987
-2.056608
-2.146569
-2.155333
-2.130043
-2.134940
-2.200759
-2.211094
-2.192324
-1.305171
-2.167994
-2.170304
-2.166048
-2.137414
-2.129506
-2.090229
-2.082436
-2.071696
-2.053551
-2.020448
-1.750234
-2.050272
-2.086722
-2.082892
-2.029140
-2.007427
-1.970352
-1.900921
-1.906742
-1.874835
-1.871336
-2.126009
-1.890174
-1.877582
-1.826426
-1.761497
-1.775857
-1.898487
-1.916734
-1.957247
-1.965907
-1.935804
-2.054964
-1.959301
-1.940286
-1.920870
-1.919954
-1.934495
-1.988058
-2.057007
-2.056248
-2.010725
-2.034258
-2.063510
-2.036858
-2.026489
-2.034318
-2.036695
-2.024964
-2.044235
-2.055515
-2.066657
-2.060256
-2.073537
-2.000354
-2.079410
-2.099482
-2.090443
-2.074744
-2.071301
-2.144770
-2.186286
-2.226548
-2.226540
-2.230075
-1.899202
-2.226378
-2.203131
-2.212555
-2.211354
-2.200715
-2.184465
-2.194478
-2.166595
-2.226306
-2.256392
-2.079498
-2.242348
-2.252862
-2.236291
-2.239552
-2.232529
-2.229694
-2.230106
-2.257692
-2.268597
-2.265571
-2.823790
-1.266878
-2.266746
-2.284833
-2.289003
-2.289502
-2.298303
-2.308933
-2.306526
-2.292232
-2.279245
-2.265805
-1.282872
-2.257244
-2.241558
-2.212086
-2.202452
-2.212201
-2.212898
-2.212782
-2.184822
-2.159593
-2.148904
-2.494201
-2.149735
-2.149752
-2.157977
-2.150565
-2.146044
-2.137242
-2.125034
-2.124225
-2.104983
-2.095242
-2.554425
-2.081028
-2.067539
-2.066048
-2.068520
-2.071218
-2.083808
-2.154394
-2.160077
-2.171390
-2.146131
-2.685345
-2.110994
-2.026083
-1.840738
-1.626590
-1.629634
-1.574134
-1.379497
-1.181058
-0.852730
-0.544068
-2.398831
-0.408245
-0.501296
-0.556177
-0.470760
-0.450388
-0.289531
-0.098014
0.003423
-0.203720
-0.176570
-2.591422
-0.116981
-0.064776
0.056240
0.203032
0.292219
0.438153
0.523135
0.660790
0.918591
0.986175
-2.542877
0.737910
0.789862
0.704896
0.812921
1.017732
1.008211
0.621596
0.882317
0.504336
0.632040
-2.386279
0.594082
0.515093
0.271803
0.203907
0.074720
-0.202327
-0.809050
-0.587613
-0.219118
-0.178492
-2.156937
0.116178
0.133212
-0.188267
-0.302164
-0.442463
-0.170427
-0.408195
-0.506848
-0.814465
-1.301429
-2.828417
-2.194598
-1.650814
-1.769674
-1.831303
-1.840734
-1.580464
-1.384955
-1.502404
-1.618866
-1.896530
-1.871760
-2.196027
-1.714892
-1.719577
-1.578735
-1.405579
-1.242308
-1.300498
-1.249585
-1.196557
-1.212709
-1.166294
-2.196520
-1.038138
-1.025434
-0.888400
-0.981888
-0.884463
-0.831219
-0.989923
-1.116561
-1.254233
-1.230172
-2.152514
-1.286040
-1.348614
-1.292334
-1.374472
-1.365360
-1.392119
-1.515990
-1.486516
-1.439222
-1.438971
-2.102716
-1.264102
-1.018974
-0.882565
-0.834263
-0.731566
-0.727184
-0.759555
-0.810716
-0.856870
-0.792184
-2.059187
-1.042156
-1.143478
-1.210420
-1.166960
-0.886182
-0.940597
-0.861907
-0.596707
-0.558413
-0.259329
-1.969307
0.194232
0.352960
0.177498
-0.103787
0.069802
-0.330158
-0.437404
-0.605228
-0.632941
-0.634702
-1.768202
-0.665197
-0.595942
-0.646336
-0.577112
-0.590748
-0.479593
-0.218077
-0.088669
-0.001200
0.009466
-1.591284
0.071122
0.344387
0.739273
0.800844
0.916777
0.946495
0.985518
1.309185
1.556133
1.640396
-1.546760
1.758847
1.757575
1.807538
1.812849
1.815643
1.867011
1.745087
1.712651
1.731644
1.740087
-2.843458
-1.603629
1.758263
1.734005
1.769360
1.747408
1.741602
1.715462
1.713210
1.719935
1.707881
1.654109
-1.652051
1.590316
1.679885
1.700522
1.679519
1.690785
1.635323
1.668834
1.682085
1.667396
1.653479
-1.440053
1.677768
1.695150
1.697087
1.728490
1.638352
1.564407
1.493947
1.439426
1.349728
1.295357
-1.254729
1.274947
1.248021
1.253501
1.230566
1.255359
1.148684
1.189646
1.177398
1.180271
1.167631
-1.235104
1.171689
1.198845
1.239434
1.202339
1.096505
1.088516
1.074717
1.066332
1.067436
1.006733
-1.279682
0.943471
0.905776
0.905794
0.985999
1.062207
1.120058
1.167983
1.167365
1.185817
1.207745
-1.464592
1.208226
1.205233
1.156175
1.060058
0.957095
0.889182
0.832719
0.704194
0.555694
0.569682
-1.568834
0.514391
0.427415
0.237596
0.148211
0.088931
0.059798
-0.051509
-0.251985
-0.272376
-0.347708
-1.638538
-0.191045
-0.073573
-0.115107
-0.021045
-0.026246
0.006582
0.253056
0.300266
0.137586
0.116255
-0.936235
0.172049
0.080187
0.089783
0.105996
0.133154
0.156297
0.057779
-0.325514
-0.321157
-0.277802
-2.849183
-2.030145
-0.344332
-0.275256
-0.154488
-0.147306
-0.186398
-0.195776
-0.100658
-0.244189
-0.349677
-0.424181
-2.375016
-0.445899
-0.385007
-0.361728
-0.445855
-0.545090
-0.564951
-0.595584
-0.588829
-0.477002
-0.470325
-2.338383
-0.463676
-0.389181
-0.370960
-0.357760
-0.430069
-0.404945
-0.318891
-0.207085
-0.054367
-0.153816
-2.278591
-0.119347
-0.158702
-0.167254
-0.187737
-0.146866
-0.084980
0.000411
-0.008564
0.041424
0.150401
-2.613987
0.143680
0.199562
0.184923
0.281522
0.553896
0.538954
0.561594
0.649232
0.602503
0.569794
-2.888572
0.549025
0.595367
0.629426
0.692242
0.724078
0.818489
0.840639
0.868058
0.879585
0.842969
-2.900463
0.822373
0.841155
0.866904
0.882019
0.823398
0.819205
0.831115
0.810407
0.821766
0.845140
-2.805277
0.843446
0.815511
0.808793
0.827714
0.832333
0.836936
0.848002
0.809042
0.817901
0.809551
-2.703640
0.793916
0.744898
0.746825
0.725920
0.720983
0.736071
0.724836
0.693268
0.689157
0.674509
-2.564444
0.662245
0.631041
0.564839
0.522141
0.376653
0.327234
0.318997
0.306752
0.294011
0.258789
-2.777192
-2.846850
-2.836398
0.198155
0.008923
-0.060347
-0.084683
-0.117787
-0.152477
-0.275071
-0.430510
-0.497700
-0.535066
-2.772953
-0.664440
-0.672333
-0.728463
-0.825289
-0.854395
-0.810196
-0.843534
-0.794078
-0.750862
-0.780532
-2.519306
-0.730750
-0.700854
-0.704769
-0.722435
-0.662232
-0.575156
-0.516644
-0.455156
-0.480522
-0.465093
-2.449730
-0.511908
-0.568452
-0.569096
-0.666523
-0.750562
-0.775148
-0.787226
-0.827817
-0.856138
-0.831494
-2.496527
-0.846575
-0.864936
-0.869585
-0.837809
-0.852000
-0.848791
-0.894055
-1.009360
-1.051978
-1.067292
-2.435957
-1.092104
-1.125952
-1.301927
-1.294364
-1.409602
-1.492077
-1.516417
-1.462650
-1.452398
-1.519866
-2.419915
-1.585196
-1.588994
-1.586957
-1.636851
-1.662758
-1.640385
-1.741005
-1.877875
-1.880618
-1.865303
-2.407523
-1.803793
-1.796529
-1.787671
-1.763172
-1.721570
-1.699881
-1.690778
-1.689937
-1.652176
-1.624484
-2.441186
-1.604780
-1.583943
-1.552575
-1.594234
-1.642881
-1.660641
-1.662061
-1.662790
-1.681139
-1.698548
-2.432502
-1.693676
-1.699959
-1.708738
-1.729278
-1.747584
-1.741241
-1.777602
-1.793797
-1.818174
-1.860207
-2.842710
-2.404230
-1.895521
-1.906672
-1.906888
-1.919611
-1.932499
-1.935779
-1.956771
-1.972510
-2.002260
-2.008863
-2.327301
-2.009455
-2.018517
-2.026202
-2.027483
-2.025074
-1.994866
-1.974689
-1.960025
-1.934183
-1.904670
-2.211023
-1.898751
-1.936799
-1.949469
-2.076940
-1.964668
-1.902815
-1.801827
-1.716864
-1.692318
-1.599186
-2.146410
-1.534118
-1.431340
-1.389843
-1.342978
-1.030838
-0.833437
-0.715783
-0.772293
-0.797607
-0.871320
-2.007389
-0.790701
-0.758272
-0.767331
-0.719280
-0.894325
-0.969248
-0.927624
-0.910947
-0.868433
-0.740476
-2.058703
-0.738161
-0.650426
-0.803614
-0.969213
-1.399948
-1.369777
-1.288239
-1.051998
-0.847094
-0.736416
-2.062343
-0.599406
-0.580832
-0.606923
-0.603790
-1.047121
-0.748016
-0.340801
-0.296523
-0.300485
-0.388870
-2.116896
-0.316797
-0.418535
-0.548082
-0.734699
-0.758623
-0.808371
-0.822131
-0.827042
-0.839917
-0.801942
-2.168134
-0.847465
-0.942195
-0.914003
-0.947070
-0.995348
-1.045431
-1.217116
-1.312949
-1.335195
-1.350429
-2.195495
-1.384900
-1.424608
-1.423437
-1.444950
-1.424071
-1.430384
-1.500184
-1.504601
-1.458391
-1.549177
-2.828219
-2.220222
-1.603464
-1.650331
-1.743625
-1.815224
-1.813945
-1.829813
-1.919102
-1.919386
-1.923824
-1.968491
-2.252105
-1.992994
-1.988996
-2.009490
-2.016123
-2.021772
-1.987588
-1.973453
-1.962353
-1.985626
-1.945633
-2.252242
-1.920524
-1.901386
-1.868115
-1.869363
-1.833568
-1.813330
-1.821291
-1.768488
-1.896182
-1.929948
-2.287948
-1.962083
-1.987372
-2.047582
-2.060271
-2.067880
-2.082325
-2.085023
-2.105378
-2.115229
-2.112974
-2.246130
-2.116210
-2.132432
-2.124092
-2.123568
-2.118448
-2.119983
-2.061062
-1.987786
-1.936212
-1.929475
-2.298808
-1.909238
-1.788803
-1.670066
-1.454445
-1.410249
-1.354706
-1.288177
-1.276213
-1.206220
-1.150532
-2.473945
-1.099690
-1.105385
-0.970145
-0.821968
-0.658004
-0.586269
-0.370880
-0.019172
1.398402
2.958358
-2.349233
2.508350
2.424114
2.497477
2.263000
2.263816
2.439455
2.622711
2.905159
3.011726
3.274208
-2.297571
3.304291
3.486101
3.304669
3.092164
3.251623
3.123929
3.047690
2.830787
2.735173
2.509756
-2.211167
2.559548
2.643650
3.039645
3.095024
3.007491
2.877537
3.057360
3.099972
2.901937
2.867898
-2.823869
-2.134369
2.671436
2.822991
2.861887
2.908984
3.092124
3.247692
3.097507
3.060615
2.977550
2.937529
-2.067370
2.873442
2.834015
2.971953
2.682657
2.449904
2.372427
2.437692
2.455734
2.387670
2.412054
-2.014489
2.661082
2.691060
2.975234
3.030171
3.002976
2.961933
3.010659
2.903970
2.823709
2.859402
-1.978424
2.848721
2.896739
2.877333
2.785087
2.898863
2.973489
2.877029
2.950924
2.902472
2.847799
-1.900227
2.904896
2.786250
2.741415
2.894272
2.889916
2.920885
3.058385
2.921906
2.784085
2.671304
-1.865343
2.518531
2.508387
2.385623
2.330645
2.295084
2.197418
2.211709
2.137212
2.101145
2.085994
-1.870400
2.036845
2.016561
2.022101
1.916911
1.880264
1.823135
1.749829
1.714776
1.790509
1.757596
-1.818441
1.703364
1.713529
1.631329
1.639738
1.625467
1.639519
1.585026
1.606937
1.538868
1.507928
-1.905702
1.525342
1.513735
1.475136
1.464389
1.593290
1.635373
1.655440
1.716613
1.820643
1.944176
-1.956782
1.999219
2.130135
2.119548
2.148309
2.112813
2.137453
2.100197
2.065622
2.049026
1.988911
-2.812229
-1.978449
1.860402
1.888575
1.844033
1.763139
1.749892
1.811886
1.777957
1.886098
1.940465
2.039744
-2.035777
1.950035
1.693615
1.685760
1.677356
1.590633
1.571742
1.533986
1.333447
1.442677
1.340399
-2.046870
1.328496
1.376998
1.423147
1.528646
1.525067
1.476280
1.581747
1.620916
1.511575
1.496948
-2.053707
1.570100
1.561598
1.565371
1.451844
1.494273
1.455514
1.599831
1.590740
1.638134
1.660103
-2.064562
1.793042
1.859455
1.941303
1.765269
1.675063
1.662026
1.732988
1.635393
1.549004
1.546830
-2.093428
1.634539
1.494259
1.514336
1.461116
1.781869
1.790001
1.756985
1.679000
1.727993
1.711719
-2.116267
1.657452
1.627158
1.490299
1.477909
1.492354
1.429876
1.455510
1.376718
1.298241
1.236032
-2.139885
1.108559
1.006152
0.812195
0.666510
0.439570
0.323180
0.220790
0.191583
0.161204
0.228513
-2.114368
0.184572
0.075974
0.097959
-0.121900
-0.302281
-0.418310
-0.492123
-0.611501
-0.875416
-1.001044
-2.173589
-1.107381
-1.298964
-1.443534
-1.655816
-1.839268
-1.904520
-1.949359
-2.028724
-2.092224
-2.122858
-2.816946
-2.202453
-2.082911
-2.015155
-2.002778
-2.126408
-2.127549
-2.236311
-2.385185
-2.409410
-2.400202
-2.214808
-2.177427
-2.112395
-2.088318
-2.073691
-2.075831
-2.195731
-2.378382
-2.465651
-2.482121
-2.513371
-2.281086
-2.228050
-2.169096
-2.158771
-2.165605
-2.157924
-2.135373
-2.436699
-2.490716
-2.335177
-2.210330
-2.227878
-2.293150
-2.226940
-2.240643
-2.245871
-2.257049
-2.275398
-2.282027
-2.286848
-2.286955
-2.288272
-2.292399
-2.295055
-2.303883
-2.304341
-2.307958
-2.294838
-2.288188
-2.295861
-2.294394
-2.298011
-2.306843
-2.310511
-2.277485
-2.311541
-2.312762
-2.308243
-2.314743
-2.326370
-2.327043
-2.322372
-2.318362
-2.320940
-2.319615
-2.299314
-2.323056
-2.315943
-2.313556
-2.315524
-2.312901
-2.312518
-2.309608
-2.308712
-2.308610
-2.307288
-2.308323
-2.315058
-2.315464
-2.317848
-2.317317
-2.317382
-2.317922
-2.318325
-2.322855
-2.322593
-2.323661
-2.319360
-2.329740
-2.329907
-2.333113
-2.334033
-2.339385
-2.344269
-2.349239
-2.357719
-2.362013
-2.363257
-2.290842
-2.358800
-2.358639
-2.365621
-2.364126
-2.352140
-2.334717
-2.327008
-2.322734
-2.327613
-2.333031
-2.814031
-2.259851
-2.338956
-2.349048
-2.347522
-2.344146
-2.348443
-2.363686
-2.360343
-2.357955
-2.357235
-2.355661
-2.251112
-2.357526
-2.358568
-2.357565
-2.355743
-2.351233
-2.351892
-2.347930
-2.350088
-2.348130
-2.347622
-2.264446
-2.347012
-2.345862
-2.347257
-2.348641
-2.350464
-2.350343
-2.350407
-2.356012
-2.350041
-2.342489
-2.231551
-2.297146
-2.283191
-2.264738
-2.241267
-2.217661
-2.217984
-2.145210
-2.088383
-2.041569
-2.016302
-2.251755
-2.010344
-1.990383
-1.976897
-1.996131
-2.005589
-2.067185
-2.118473
-2.151948
-2.184213
-2.216023
-2.212636
-2.210139
-2.227264
-2.232920
-2.238316
-2.255889
-2.264484
-2.273716
-2.303631
-2.323088
-2.319185
-2.207730
-2.299723
-2.290373
-2.270956
-2.266943
-2.248162
-2.281423
-2.282524
-2.273314
-2.250957
-2.290003
-2.183423
-2.279865
-2.267751
-2.247250
-2.237834
-2.232727
-2.232689
-2.228218
-2.225044
-2.193287
-2.085845
-2.207984
-1.989817
-2.130260
-2.225068
-2.243034
-2.239971
-2.218851
-2.193623
-2.094588
-2.037287
-2.055025
-2.185112
-2.072911
-2.083901
-2.058123
-2.004591
-1.768321
-1.749094
-1.739359
-1.799119
-1.838101
-1.968666
-2.801957
-2.166872
-2.042202
-2.199425
-2.254646
-2.250146
-2.276892
-2.270995
-2.286902
-2.291579
-2.333976
-2.354681
-2.106378
-2.406551
-2.406438
-2.427171
-2.436696
-2.442412
-2.447238
-2.465521
-2.460636
-2.470476
-2.462538
-2.037420
-2.487746
-2.538100
-2.565732
-2.554579
-2.612802
-2.591696
-2.492855
-2.444029
-2.417417
-2.420798
-1.974672
-2.406348
-2.332447
-2.313845
-2.331399
-2.341469
-2.374081
-2.396002
-2.398271
-2.416990
-2.420224
-1.919968
-2.421394
-2.406021
-2.420030
-2.438150
-2.443499
-2.423962
-2.414443
-2.407896
-2.373758
-2.357525
-1.896478
-2.351508
-2.320616
-2.277079
-2.202738
-2.163522
-2.152900
-2.184838
-2.213134
-2.211558
-2.133071
-1.869384
-2.094185
-2.132976
-2.193415
-2.211504
-2.229849
-2.265828
-2.250757
-2.274458
-2.261565
-2.169689
-1.861658
-2.119287
-2.017400
-1.896907
-1.773666
-1.698193
-1.513774
-1.500082
-1.374507
-1.280433
-1.235073
-1.861097
-1.181438
-1.295697
-1.284163
-1.217015
-1.356512
-1.269498
-1.179451
-1.282347
-1.374124
-1.556663
-1.897059
-1.678341
-1.794686
-1.914885
-1.992542
-2.081407
-2.127647
-2.156787
-2.167235
-2.177427
-2.148326
-2.792863
-1.891057
-2.151710
-2.065381
-1.980420
-1.919549
-1.835309
-1.831645
-1.827512
-1.785408
-1.750577
-1.681692
-1.901087
-1.646405
-1.642155
-1.606470
-1.588013
-1.386265
-1.083475
-0.901155
0.035204
4.657963
2.760626
-1.898667
2.553093
1.866649
0.705919
0.095565
-0.457333
-0.287710
-0.449416
-0.508533
-0.443039
0.940715
-1.881743
1.437146
1.800479
1.875604
0.807399
-0.202736
-0.853119
-0.679323
-0.859741
-0.569950
-1.028478
-1.902334
-1.553253
-1.878181
-1.577599
-1.230284
-1.026405
-1.013265
-1.493745
-1.599997
-1.599097
-1.465742
-1.960098
-1.141263
-0.776798
0.076985
0.522711
1.119121
1.556077
1.983706
2.570344
2.579397
3.141068
-1.974100
4.044600
3.930458
3.935266
3.878761
3.881219
3.611805
2.954376
2.745446
2.111979
1.827493
-1.953798
1.804597
1.837316
1.946202
2.785992
3.308749
4.112728
5.047401
6.980150
10.060122
11.169680
-1.978235
11.235644
11.363609
11.064005
10.913958
11.370754
10.909137
10.585492
9.603226
9.180979
8.764437
-2.001851
7.485192
6.112200
4.078846
2.627771
2.003208
0.740885
0.336876
-0.439682
-0.740734
-1.152919
-2.784966
-2.009889
-1.355980
-2.142646
-2.138550
-2.210006
-2.114554
-1.998557
-2.060493
-1.873918
-1.790902
-1.651641
-2.005192
-1.856094
-1.886354
-1.873752
-1.652333
-1.526076
-1.499389
-1.505662
-1.664435
-1.922593
-1.942008
-2.012706
-1.872069
-1.802374
-1.751023
-1.721741
-1.474059
-0.800615
-0.907131
-1.226281
-1.187564
-0.683097
-1.990757
-0.952062
-1.025354
-0.920742
-0.957441
-0.804910
-0.259721
0.065153
0.287554
0.618595
0.881065
-1.993906
0.931955
1.041157
1.048031
1.289179
1.145045
1.599798
1.636593
1.558931
1.839836
2.170045
-1.974701
2.366375
3.258590
3.764638
4.203219
4.652317
4.893548
4.521079
5.122579
4.760171
4.380226
-1.964344
3.785791
3.535686
2.866665
4.302462
4.372918
5.648452
8.156373
8.261417
10.362245
10.570305
-1.975082
11.073632
10.994392
10.149796
10.217324
9.618098
9.453130
7.702198
7.548206
6.349843
5.973987
-1.962390
4.841733
3.629957
2.788247
2.119761
1.900025
1.418268
1.339635
0.871896
0.242136
-0.407162
-1.961086
-1.420691
-2.205502
-2.522148
-2.804835
-2.870988
-2.971598
-2.878722
-2.945465
-2.637377
-2.589061
-2.768302
-2.775453
-1.966724
-2.577979
-2.587307
-2.595246
-2.608208
-2.608245
-2.608797
-2.607961
-2.613702
-2.612914
-2.606864
-1.989221
-2.606687
-2.610015
-2.596844
-2.596119
-2.618008
-2.615927
-2.606408
-2.586852
-2.587110
-2.583394
-2.001782
-2.596582
-2.605171
-2.594461
-2.579422
-2.570172
-2.579644
-2.607125
-2.594667
-2.593809
-2.599628
-2.023450
-2.614408
-2.624438
-2.611956
-2.610257
-2.615555
-2.620169
-2.615640
-2.622815
-2.600718
-2.592053
-2.029551
-2.601343
-2.605163
-2.607874
-2.572587
-2.577959
-2.573281
-2.539484
-2.546553
-2.550060
-2.561594
-2.033620
-2.588256
-2.572620
-2.570684
-2.575363
-2.569601
-2.578697
-2.609119
-2.632916
-2.663922
-2.649903
-2.024311
-2.637320
-2.671534
-2.668384
-2.652727
-2.623407
-2.644128
-2.674940
-2.676355
-2.680096
-2.626659
-2.031972
-2.588787
-2.572298
-2.564252
-2.623782
-2.627712
-2.627176
-2.621214
-2.609032
-2.583654
-2.549000
-2.030102
-2.537709
-2.532509
-2.525958
-2.544072
-2.572263
-2.566445
-2.566090
-2.544133
-2.563093
-2.586932
-2.010411
-2.594338
-2.629308
-2.623493
-2.598569
-2.597281
-2.572622
-2.576687
-2.617519
-2.668963
-2.698189
-2.782302
-2.043678
-2.694760
-2.650460
-2.652345
-2.595376
-2.563382
-2.592872
-2.620543
-2.609298
-2.578626
-2.550646
-2.061497
-2.553219
-2.561409
-2.536299
-2.549351
-2.558148
-2.583398
-2.591620
-2.597654
-2.592233
-2.595798
-2.062370
-2.604586
-2.645119
-2.669118
-2.676036
-2.702677
-2.697909
-2.646715
-2.660681
-2.684466
-2.729679
-2.064178
-2.737638
-2.714746
-2.696694
-2.717542
-2.700994
-2.690363
-2.695989
-2.756360
-2.737331
-2.718773
-2.075955
-2.712025
-2.686502
-2.704104
-2.721071
-2.728908
-2.724743
-2.715396
-2.726944
-2.713298
-2.723897
-2.092140
-2.753811
-2.772398
-2.809246
-2.851853
-2.840438
-2.830481
-2.837582
-2.864972
-2.890176
-2.921109
-2.111454
-2.932432
-2.915913
-2.838074
-2.759618
-2.755288
-2.620493
-2.588772
-2.510854
-2.462179
-2.572562
-2.116621
-2.582424
-2.646523
-2.614263
-2.594047
-2.618526
-2.638817
-2.613825
-2.613365
-2.691518
-2.833607
-2.136607
-2.117213
-1.678504
-1.946056
-0.839695
-1.285897
-1.858946
-1.708645
-2.143837
-2.827897
-2.770676
-2.136670
-2.537584
-2.518067
-2.509846
-2.543263
-2.543315
-2.563835
-2.551245
-2.513612
-2.526021
-2.536153
-2.782673
-2.107027
-2.513622
-2.514416
-2.510190
-2.511175
-2.498677
-2.479825
-2.470598
-2.448922
-2.412189
-2.390051
-2.107027
-2.392643
-2.374851
-2.361942
-2.346097
-2.337030
-2.332295
-2.322470
-2.347765
-2.360610
-2.358812
-2.132276
-2.340420
-2.344044
-2.349719
-2.344963
-2.358623
-2.414328
-2.410483
-2.426231
-2.438255
-2.437450
-2.145682
-2.463769
-2.446835
-2.468940
-2.505802
-2.533116
-2.559093
-2.562426
-2.561052
-2.547964
-2.624439
-2.148980
-2.612515
-2.601103
-2.572015
-2.568831
-2.579401
-2.513027
-2.474537
-2.463590
-2.489845
-2.486424
-2.145736
-2.473726
-2.513775
-2.504590
-2.506544
-2.544690
-2.557506
-2.584558
-2.616863
-2.606625
-2.630406
-2.149024
-2.646112
-2.634240
-2.634741
-2.614186
-2.571130
-2.401736
-2.308138
-2.249209
-2.204427
-2.196653
-2.138527
-2.183672
-2.205494
-2.223596
-2.271468
-2.308581
-2.366307
-2.382611
-2.414861
-2.366864
-2.441321
-2.137163
-2.507888
-2.552802
-2.549595
-2.540921
-2.524514
-2.534495
-2.556416
-2.599140
-2.617730
-2.548136
-2.123171
-2.527013
-2.491956
-2.455689
-2.420952
-2.449229
-2.490465
-2.550242
-2.599955
-2.591662
-2.618245
-2.777467
-2.114113
-2.608161
-2.647624
-2.591514
-2.551799
-2.425482
-2.348621
-2.077125
-2.016402
-2.004226
-1.983044
-2.086170
-1.995912
-2.013649
-2.034266
-2.049588
-2.057405
-2.065567
-2.031885
-2.051302
-2.051260
-2.046112
-2.069602
-2.045960
-2.050231
-2.041054
-2.043072
-2.007064
-1.922308
-1.722797
-1.663813
-1.533317
-1.475527
-2.061635
-1.329289
-1.133420
-1.196225
-1.226071
-1.422955
-1.494639
-1.641601
-1.690473
-1.734432
-1.759786
-2.060247
-1.769912
-1.787648
-1.802290
-1.828513
-1.770567
-1.701676
-1.770782
-1.737505
-1.797499
-1.852031
-2.066525
-1.867749
-1.877994
-1.878556
-1.730713
-1.641940
-1.574268
-1.448748
-1.356952
-1.168558
-1.141706
-2.065874
-1.111183
-1.167341
-1.248697
-1.443104
-1.588309
-1.584582
-1.591524
-1.584202
-1.546221
-1.451290
-2.071574
-1.399503
-1.263022
-1.225700
-1.464822
-1.484783
-1.506882
-1.579687
-1.588477
-1.614672
-1.607670
-2.068979
-1.500463
-1.516696
-1.514497
-1.529491
-1.573446
-1.630261
-1.639418
-1.683477
-1.695293
-1.721350
-2.066227
-1.717301
-1.727501
-1.731056
-1.733833
-1.726151
-1.737074
-1.721294
-1.716572
-1.751520
-1.767294
-2.769070
-2.068331
-1.825263
-1.844936
-1.865752
-1.875774
-1.915868
-1.940061
-1.948105
-1.960624
-1.965508
-1.970959
-2.069198
-1.986247
-2.000000
-1.995318
-1.999531
-2.044627
-2.023724
-2.003731
-1.905597
-1.830999
-1.789977
-2.072861
-1.705514
-1.640741
-1.592187
-1.616964
-1.668027
-1.745480
-1.746068
-1.846210
-1.868318
-1.873061
-2.070559
-1.871035
-1.877468
-1.874913
-1.677283
-1.540574
-1.636204
-1.987728
-1.576947
-0.689395
-0.748326
-2.064746
-1.264623
-0.836171
-1.345405
-1.390306
-1.401254
-1.432187
-1.452448
-1.451770
-1.448597
-1.461964
-2.064215
-1.464317
-1.482512
-1.457571
-1.444567
-1.379197
-1.346679
-1.291441
-1.270046
-1.209635
-1.177962
-2.049397
-1.196506
-1.258719
-1.285164
-1.278807
-1.333768
-1.312010
-1.209846
-1.198914
-1.165778
-1.109802
-2.041231
-1.080962
-1.099317
-1.150569
-1.131514
-1.100833
-1.133758
-1.184500
-1.117068
-1.096117
-1.051103
-2.038620
-1.061281
-1.049604
-1.079655
-0.948924
-0.921517
-0.815073
-0.818606
-0.886625
-1.014689
-1.099415
-2.036681
-1.180963
-1.190716
-1.129188
-1.097386
-1.036946
-1.049696
-1.025911
-0.748001
-0.811886
-0.828349
-2.755624
-2.028385
-0.855636
-0.949094
-1.132300
-1.188893
-1.217514
-1.251977
-1.174469
-1.175179
-1.216263
-1.149335
-2.040089
-1.065988
-1.031118
-1.119661
-1.158124
-1.223545
-1.271771
-1.182969
-1.274926
-1.246532
-1.188232
-2.071373
-1.080267
-0.803483
-0.559661
-0.445702
-0.581540
-0.566548
-0.662384
-0.437886
-0.555671
-0.647186
-2.088982
-0.646485
-0.718488
-0.763957
-0.794880
-0.742147
-0.750548
-0.782581
-0.759758
-0.823658
-1.158221
-2.137978
-0.917847
-0.953739
-0.910983
-0.956100
-0.825837
-0.417866
-0.327725
-0.378553
-0.489059
-0.474010
-2.054345
-0.843179
-0.845077
-0.802263
-0.844118
-0.826636
-0.561084
-0.563664
-0.623878
-0.621628
-0.802924
-2.034055
-0.875418
-1.008196
-1.128958
-1.219804
-1.168897
-1.107720
-0.928619
-0.801411
-0.754084
-0.725103
-2.019569
-0.792342
-0.810512
-0.947016
-0.973721
-1.052913
-1.307114
-1.282033
-1.328290
-1.180086
-1.262429
-2.012057
-1.336360
-1.227029
-1.166279
-1.169370
-1.244384
-1.292149
-1.400308
-1.447348
-1.541224
-1.526864
-1.997387
-1.545035
-1.546687
-1.578116
-1.567106
-1.585418
-1.624953
-1.585307
-1.572903
-1.597757
-1.624488
-2.750919
-1.984736
-1.661828
-1.680873
-1.697670
-1.689778
-1.556977
-1.464107
-1.397279
-1.255256
-1.157666
-1.022659
-1.973547
-1.051327
-1.025159
-1.027800
-1.289215
-1.682729
-1.743972
-1.803322
-1.775903
-1.786587
-1.801905
-1.959927
-1.809299
-1.774161
-1.811887
-1.938629
-1.957512
-2.030161
-1.980318
-1.920045
-1.807343
-1.679502
-1.943781
-1.699506
-1.588462
-1.646982
-1.813845
-1.868262
-1.866973
-1.814165
-1.830249
-1.801518
-1.718303
-1.928095
-1.615023
-1.633046
-1.485231
-1.599408
-1.966769
-2.010549
-2.030630
-2.003665
-1.972711
-1.919501
-1.927513
-1.725364
-1.638392
-1.524436
-1.440573
-1.271720
-1.294532
-1.280402
-1.341235
-1.490808
-1.530598
-1.929203
-1.543046
-1.538494
-1.454795
-1.487071
-1.403304
-1.352875
-1.383522
-1.441820
-1.645068
-1.658471
-1.915875
-1.706506
-1.761230
-1.794228
-1.714915
-1.586832
-1.501344
-1.449664
-1.396012
-1.372018
-1.376891
-1.898667
-1.450703
-1.526855
-1.589512
-1.708857
-1.716340
-1.673251
-1.650262
-1.589446
-1.639670
-1.661909
-1.867962
-1.643193
-1.634700
-1.660807
-1.667466
-1.659466
-1.691439
-1.670054
-1.689099
-1.629360
-1.602693
-2.748454
-1.850019
-1.549045
-1.570181
-1.584632
-1.554032
-1.568070
-1.583952
-1.597752
-1.601585
-1.621934
-1.651676
-1.821195
-1.670110
-1.608176
-1.594535
-1.520833
-1.541951
-1.533602
-1.467470
-1.463118
-1.458770
-1.485093
-1.821236
-1.481297
-1.469086
-1.452121
-1.473735
-1.470512
-1.466283
-1.469489
-1.509019
-1.448469
-1.359615
-1.802572
-1.354229
-1.257693
-1.223536
-1.242697
-1.171322
-1.138139
-1.147368
-1.150426
-1.020114
-1.060170
-1.750110
-1.067850
-1.118424
-1.109875
-1.201997
-1.243030
-1.302353
-1.341055
-1.433004
-1.455287
-1.446266
-1.708794
-1.404056
-1.317443
-1.315645
-1.373473
-1.268720
-1.162921
-0.995511
-0.757503
-0.587192
-0.448092
-1.703289
-0.345187
-0.388654
-0.236373
-0.136032
-0.019983
0.125448
0.239403
0.016880
-0.222284
-0.387166
-1.689570
-0.215530
0.052758
0.126494
-0.198800
-0.139179
-0.198203
-0.279810
-0.540492
-1.149058
-1.004364
-1.656738
-1.046074
-1.075453
-1.155384
-1.144213
-1.126261
-1.144586
-1.135950
-1.138509
-1.119184
-1.103563
-1.664586
-1.080497
-1.089808
-1.095222
-1.102075
-1.098087
-1.116710
-1.126804
-1.089147
-1.078386
-1.077519
-2.749945
-1.697583
-1.047339
-1.048050
-1.056889
-1.036392
-1.047042
-1.069950
-1.007426
-1.026080
-1.035038
-1.007707
-1.696362
-1.005989
-0.968573
-1.032758
-1.148281
-1.120133
-1.047330
-0.980950
-1.064063
-0.949007
-0.993317
-1.697067
-1.175888
-1.305891
-1.241066
-1.142295
-1.166575
-1.253367
-1.238880
-1.161551
-1.146582
-1.126501
-1.742766
-1.087748
-1.144280
-1.181195
-1.230550
-1.204906
-1.240096
-1.247697
-1.248714
-1.293436
-1.203352
-1.714474
-1.244216
-1.299266
-1.284488
-1.192589
-1.202085
-1.271140
-1.297001
-1.281628
-1.271701
-1.307925
-1.633756
-1.347610
-1.385258
-1.375520
-1.357523
-1.330580
-1.347408
-1.365838
-1.338145
-1.260523
-1.269213
-1.601256
-1.279152
-1.266955
-1.252481
-1.260791
-1.300618
-1.313745
-1.310851
-1.308674
-1.338680
-1.321537
-1.595713
-1.301464
-1.277023
-1.273619
-1.245710
-1.227318
-1.252682
-1.247344
-1.238823
-1.248236
-1.235795
-1.484561
-1.224002
-1.177321
-1.188662
-1.214560
-1.258346
-1.320879
-1.311078
-1.359450
-1.381368
-1.231927
-1.404442
-1.236242
-1.202109
-1.326405
-1.327250
-1.465053
-1.476388
-1.462280
-1.464579
-1.412447
-1.403089
-2.745295
-1.420010
-1.340203
-1.309979
-1.306474
-1.270139
-1.287850
-1.341606
-1.374340
-1.389708
-1.381959
-1.351278
-1.283195
-1.344864
-1.325384
-1.337160
-1.330680
-1.353935
-1.323760
-1.344243
-1.339386
-1.333580
-1.391031
-1.147912
-1.392445
-1.412093
-1.418198
-1.421311
-1.378148
-1.361387
-1.313095
-1.333671
-1.281056
-1.277964
-1.009335
-1.284413
-1.308591
-1.321563
-1.328188
-1.332023
-1.330600
-1.361094
-1.293340
-1.249613
-1.290046
-0.764829
-1.296015
-1.299178
-1.316922
-1.297000
-1.315979
-1.327934
-1.296239
-1.300293
-1.274422
-1.246526
-0.885088
-1.240638
-1.253217
-1.253958
-1.270245
-1.265107
-1.270730
-1.281711
-1.246912
-1.248384
-1.273702
-0.690141
-1.274459
-1.294327
-1.252690
-1.225299
-1.278433
-1.304680
-1.307725
-1.306840
-1.304304
-1.318696
-0.553824
-1.328268
-1.341637
-1.341167
-1.307924
-1.330652
-1.336589
-1.318017
-1.303953
-1.303370
-1.351521
-0.252267
-1.355454
-1.352209
-1.328510
-1.319399
-1.319996
-1.236167
-1.140749
-1.090858
-1.063849
-1.064937
-0.021844
-0.989272
-0.961040
-0.933227
-0.984478
-0.924262
-0.845722
-0.724757
-0.635237
-0.539970
-0.465629
-2.764233
-2.739388
-0.065755
-0.611158
-0.659784
-0.711442
-0.698483
-0.818980
-0.836923
-0.820235
-0.870167
-0.848309
-0.827266
0.061422
-0.837385
-0.866619
-0.913657
-0.907641
-0.934795
-1.068814
-1.141097
-1.196809
-1.255239
-1.314034
0.065996
-1.324359
-1.302747
-1.298910
-1.287114
-1.325572
-1.365553
-1.413342
-1.430035
-1.372418
-1.381464
-0.064295
-1.399453
-1.354709
-1.356084
-1.358782
-1.354771
-1.395449
-1.408498
-1.364173
-1.353192
-1.279090
0.028735
-1.279581
-1.248864
-1.292678
-1.269470
-1.300999
-1.257630
-1.231851
-1.193179
-1.224298
-1.250530
-0.064506
-1.226187
-1.227516
-1.226234
-1.241295
-1.254740
-1.278278
-1.235358
-1.308134
-1.354256
-1.326293
-0.247974
-1.324031
-1.399750
-1.359474
-1.305152
-1.337891
-1.453678
-1.427195
-1.394010
-1.397719
-1.363410
-0.205404
-1.391896
-1.450672
-1.500540
-1.518264
-1.540161
-1.575749
-1.609820
-1.676183
-1.719875
-1.726359
0.204786
-1.739142
-1.774507
-1.809994
-1.902143
-1.913211
-1.906883
-1.866634
-1.834472
-1.776669
-1.752580
5.216833
-1.735853
-1.805794
-1.805799
-1.818953
-1.832009
-1.888819
-1.879825
-1.772482
-1.702869
-1.516880
-2.730027
3.170962
-1.427708
-1.564598
-1.728421
-1.560238
-1.417902
-1.382477
-1.365267
-1.391996
-1.461936
-1.471168
3.345420
-1.470478
-1.499198
-1.525545
-1.539462
-1.480036
-1.498417
-1.545142
-1.563024
-1.506514
-1.448045
3.665025
-1.480675
-1.505711
-1.504254
-1.510554
-1.482322
-1.484381
-1.454799
-1.493107
-1.537859
-1.447455
3.577380
-1.476887
-1.438288
-1.486815
-1.473102
-1.424222
-1.385082
-1.406021
-1.371166
-1.407503
-1.429572
2.920774
-1.410915
-1.400264
-1.397086
-1.378526
-1.379673
-1.382189
-1.427642
-1.426194
-1.423595
-1.416035
2.419852
-1.373450
-1.403328
-1.402727
-1.473247
-1.404145
-1.393304
-1.367520
-1.409313
-1.452827
-1.433509
2.800927
-1.464112
-1.460089
-1.446467
-1.413515
-1.393216
-1.462305
-1.337555
-1.334885
-1.276872
-1.391666
2.546694
-1.443490
-1.401427
-1.340392
-1.312541
-1.296013
-1.183022
-1.167000
-1.276745
-1.294666
-1.176630
2.470644
-1.208992
-1.252644
-1.327603
-1.385504
-1.360593
-1.344227
-1.399766
-1.438924
-1.481051
-1.478268
2.631527
-1.537646
-1.565511
-1.693381
-1.676812
-1.707003
-1.747169
-1.789198
-1.757142
-1.799380
-1.831119
-2.714540
2.075303
-1.825221
-1.941074
-1.914140
-1.962449
-1.959375
-1.979708
-1.985603
-1.949541
-1.897928
-1.850953
2.073343
-1.732735
-1.730496
-1.712764
-1.699388
-1.854480
-1.873303
-2.010320
-1.982436
-1.777492
-2.282451
1.894486
-2.215254
-1.153376
-1.692698
-1.713828
-1.710164
-1.736807
-1.800579
-1.801575
-1.715452
-1.698749
1.775602
-1.730304
-1.717591
-1.652594
-1.653447
-1.695897
-1.688232
-1.727917
-1.706072
-1.682005
-1.700984
1.872338
-1.763969
-1.750057
-1.719617
-1.718138
-1.739507
-1.730533
-1.743987
-1.753894
-1.744897
-1.766947
1.858604
-1.677701
-1.724234
-1.747273
-1.648062
-1.652899
-1.669145
-1.755702
-1.799471
-1.792655
-1.778547
1.993653
-1.737512
-1.737781
-1.681364
-1.718431
-1.719516
-1.719801
-1.644875
-1.700114
-1.731792
-1.706566
1.730422
-1.655951
-1.588352
-1.557731
-1.689313
-1.733086
-1.693942
-1.565238
-1.530433
-1.670433
-1.647997
1.763663
-1.587533
-1.673330
-1.692357
-1.627870
-1.498160
-1.560251
-1.655853
-1.672180
-1.655996
-1.592044
1.947785
-1.549024
-1.575896
-1.554176
-1.548133
-1.532101
-1.583976
-1.618994
-1.580264
-1.627854
-1.694193
-2.696346
1.956763
-1.693729
-1.622892
-1.604729
-1.592144
-1.707016
-1.549489
-1.633834
-1.603486
-1.689020
-1.643998
1.864363
-1.616630
-1.625565
-1.689507
-1.653418
-1.608289
-1.592245
-1.515736
-1.577675
-1.623203
-1.618373
2.032555
-1.639078
-1.595892
-1.575428
-1.498523
-1.485509
-1.471316
-1.493798
-1.472734
-1.352377
-1.226647
2.282663
-1.313531
-1.302032
-1.378279
-1.376342
-1.215598
-1.184024
-1.119499
-1.011034
-0.971312
-1.052610
2.438797
-1.132419
-1.107151
-1.161384
-1.157709
-1.263206
-1.386573
-1.407368
-1.119146
-1.202910
-1.218143
2.338829
-1.222861
-1.409449
-1.522788
-1.464284
-1.650927
-1.695237
-1.709758
-1.720093
-1.758231
-1.819135
2.472068
-1.853206
-1.789150
-1.717661
-1.636692
-1.627742
-1.586155
-1.513458
-1.522727
-1.491688
-1.495754
2.658085
-1.587561
-1.619095
-1.592784
-1.542381
-1.516542
-1.395895
-1.343325
-1.356400
-1.525571
-1.547710
2.874101
-1.491394
-1.535839
-1.597346
-1.466079
-1.376310
-1.343508
-1.285334
-1.310084
-1.367728
-1.329526
3.544028
-1.416630
-1.370356
-1.423564
-1.461274
-1.394195
-1.357078
-1.419671
-1.423811
-1.456344
-1.458666
-2.687338
4.168011
-1.582316
-1.653513
-1.618756
-1.588069
-1.618140
-1.650590
-1.796408
-1.865926
-1.945852
-1.940406
4.116290
-1.965112
-1.960551
-1.966366
-1.982155
-2.003714
-2.016468
-2.000026
-2.012073
-2.032300
-1.909230
3.979903
-1.732548
-1.411548
-1.300547
-1.299986
-1.468967
-1.762759
-1.742723
-1.852826
-1.864480
-1.972828
3.810510
-1.960789
-1.840295
-1.848199
-0.278926
-1.324739
-1.420707
-1.394965
-1.555814
-1.620546
-1.532576
3.623019
-1.499568
-1.280669
-1.319994
-1.298631
-1.455251
-1.370499
-1.409570
-1.346372
-1.473692
-1.575413
3.825379
-1.739954
-1.866393
-2.009436
-2.062089
-2.089523
-2.150220
-2.164810
-2.141439
-2.186501
-2.192362
3.701943
-2.199519
-2.353346
-2.453442
-2.499027
-2.470212
-2.503962
-2.349137
-2.236306
-2.195307
-2.184550
3.723603
-2.230898
-2.243594
-2.249489
-2.276652
-2.347992
-2.417222
-2.436429
-2.472673
-2.513430
-2.512511
3.688997
-2.535964
-2.434050
-2.476094
-2.517179
-2.440383
-2.389660
-2.342084
-2.327278
-2.325557
-2.304629
3.389210
-2.287978
-2.330548
-2.426664
-2.409706
-2.390272
-2.362854
-2.274453
-2.131274
-2.122049
-2.142533
-2.679172
3.147466
-2.174860
-2.193151
-2.209129
-2.218868
-2.230030
-2.228581
-2.212310
-2.175665
-2.191088
-2.223574
3.364071
-2.254906
-2.265382
-2.277222
-2.305956
-2.264801
-2.199508
-2.135841
-2.140692
-2.165441
-2.185630
3.839542
-2.135025
-1.942811
-1.881102
-1.804285
-1.851624
-1.834348
-1.836657
-1.834633
-1.797996
-1.860787
4.150337
-1.834040
-1.806510
-1.852246
-1.941916
-1.945671
-1.822073
-1.883404
-1.776923
-1.802322
-1.817317
4.024557
-1.790021
-1.790312
-1.771659
-1.819054
-1.773887
-1.856781
-1.966960
-2.000352
-1.994568
-1.995791
4.094702
-1.986207
-1.981029
-1.976741
-1.971588
-1.993704
-1.904225
-1.921872
-1.997549
-2.028647
-2.082539
4.235981
-2.119108
-2.123056
-2.121526
-2.127944
-2.122974
-2.110822
-2.107591
-2.110497
-2.064168
-2.084665
4.423416
-2.131208
-2.156926
-2.173713
-2.159964
-2.152846
-2.181184
-2.167813
-2.131942
-2.138033
-2.123856
4.240489
-2.149762
-2.166529
-2.199962
-2.239765
-2.322464
-2.355692
-2.367615
-2.378959
-2.462475
-2.438636
3.913400
-2.432338
-2.433401
-2.451739
-2.467431
-2.542237
-2.576542
-2.520672
-2.342963
-2.211418
-1.910412
-2.676284
3.882266
-1.889223
-1.981117
-2.043555
-1.950406
-1.653928
-1.687601
-1.803547
-1.910403
-1.984497
-2.010931
3.908958
-1.924748
-1.956134
-2.131525
-2.102849
-2.057464
-2.051994
-2.138100
-2.176896
-2.213741
-2.259981
4.116432
-2.287120
-2.316217
-2.403529
-2.398909
-2.437651
-2.453351
-2.601625
-2.606170
-2.663205
-2.701898
4.442266
-2.776262
-2.743379
-2.662125
-2.461164
-0.969165
0.282986
1.397224
4.169710
8.625464
12.575311
3.997482
22.939642
22.782564
21.614351
18.937984
12.898403
8.509258
6.994067
5.311811
2.768709
0.538996
4.535011
-0.442734
-1.143824
-1.948682
-1.984295
-1.998353
-2.012808
-2.021132
-2.053098
-2.061308
-2.099461
4.718872
-2.127975
-2.140996
-2.158798
-2.181506
-2.222627
-2.233828
-2.240465
-2.247839
-2.265471
-2.290013
4.813457
-2.280005
-2.290341
-2.310631
-2.322504
-2.328973
-2.347059
-2.366162
-2.391535
-2.424889
-2.407462
5.183465
-2.404852
-2.391242
-2.397680
-2.333883
-2.323657
-2.300606
-2.383180
-2.392996
-2.382892
-2.393379
5.071854
-2.384861
-2.399523
-2.386507
-2.380891
-2.384770
-2.395930
-2.409287
-2.410943
-2.406026
-2.415827
-2.671703
5.029619
-2.442890
-2.469676
-2.479491
-2.471615
-2.484740
-2.500479
-2.507062
-2.511335
-2.504031
-2.496141
5.459376
-2.487576
-2.485674
-2.506271
-2.512746
-2.534656
-2.499732
-2.483937
-2.450930
-2.487956
-2.465049
6.019525
-2.502722
-2.498841
-2.495170
-2.492746
-2.490094
-2.545783
-2.540129
-2.531665
-2.510748
-2.510871
6.735793
-2.510300
-2.494939
-2.471271
-2.446330
-2.458896
-2.469342
-2.454195
-2.449872
-2.435625
-2.467575
7.503053
-2.491017
-2.552326
-2.628610
-2.624343
-2.634237
-2.624480
-2.585069
-2.556986
-2.536347
-2.496099
8.112396
-2.462629
-2.365299
-2.351560
-2.389048
-2.441269
-2.475896
-2.502123
-2.475610
-2.403485
-2.413885
8.368387
-2.387963
-2.269401
-2.215679
-2.218787
-2.300879
-2.262418
-2.205735
-2.219847
-2.235349
-2.234862
8.061619
-2.226090
-2.231726
-2.285898
-2.285715
-2.307750
-2.339112
-2.354059
-2.368878
-2.370408
-2.359468
8.600973
-2.352348
-2.329565
-2.352989
-2.358019
-2.346595
-2.296452
-2.306852
-2.298347
-2.262619
-2.245019
8.159385
-2.234783
-2.234396
-2.273497
-2.260890
-2.252053
-2.252189
-2.284577
-2.305720
-2.396965
-2.459066
-2.664424
8.365294
-2.480313
-2.465655
-2.483986
-2.489156
-2.449750
-2.435994
-2.413230
-2.402247
-2.356180
-2.301673
8.878421
-2.301693
-2.342443
-2.409420
-2.422104
-2.436502
-2.427272
-2.410954
-2.403912
-2.377118
-2.306236
8.200308
-2.261091
-2.243515
-2.237379
-2.236694
-2.245156
-2.228385
-2.222251
-2.190892
-2.179725
-2.238221
8.931142
-2.246681
-2.273793
-2.279994
-2.177348
-2.187746
-2.193045
-2.223329
-2.248066
-2.205462
-2.204230
10.555882
-2.230924
-2.315098
-2.322476
-2.392196
-2.513455
-2.601469
-2.630277
-2.695152
-2.735553
-2.660699
10.562776
-2.641322
-2.732228
-2.611353
-2.566648
-2.711664
-2.706583
-2.796396
-2.810033
-2.884263
-2.989205
11.263680
-3.078508
-3.133197
-3.223838
-3.199213
-2.359731
-0.989013
1.310832
2.604091
3.730502
4.104692
10.906909
6.140683
13.840303
8.409969
7.182333
5.968194
2.199564
1.609850
0.313930
-1.296661
-2.075379
10.075826
-2.279343
-2.241445
-2.202673
-2.195936
-2.192812
-2.174335
-2.186151
-2.136221
-1.987376
-2.051074
10.269189
-2.154814
-2.216188
-2.242326
-2.220594
-2.226367
-2.230404
-2.208922
-2.224914
-2.209320
-2.180354
-2.659587
10.340230
-2.033478
-2.013758
-2.005911
-2.072159
-2.167271
-2.285620
-2.277881
-2.304238
-2.325579
-2.364713
10.500325
-2.392009
-2.409837
-2.433732
-2.445354
-2.437691
-2.464601
-2.410819
-2.394353
-2.392782
-2.324893
10.412803
-2.298032
-2.103484
-2.134535
-2.007620
-1.983360
-2.015494
-2.059287
-2.143804
-2.203915
-2.218217
10.605213
-2.207066
-2.201130
-2.288780
-2.342047
-2.221001
-2.225145
-2.259841
-2.323169
-2.321421
-2.323028
10.526332
-2.305028
-2.396868
-2.448029
-2.514907
-2.559034
-2.592308
-2.535271
-2.476783
-2.478358
-2.568620
10.687272
-2.550782
-2.498868
-2.487963
-2.287959
-2.110692
-1.465865
-1.598457
-1.998984
-2.274688
-2.436867
10.602473
-2.425111
-2.410641
-2.369237
-2.366199
-2.250813
-2.104776
-2.236565
-2.275085
-2.320638
-2.196091
10.715521
-2.262439
-2.272874
-2.301424
-2.293432
-2.239998
-2.217272
-2.147954
-2.086255
-2.095976
-2.050091
10.880922
-2.016551
-1.795673
-1.738603
-1.786794
-1.787670
-1.854241
-1.813475
-1.704121
-1.736056
-1.678728
10.297364
-1.562425
-1.524240
-1.490913
-1.602610
-1.383737
-1.378240
-1.512529
-1.509655
-1.473853
-1.513046
-2.755903
-2.657817
10.308342
-1.540937
-1.518667
-1.536943
-1.689752
-1.786510
-2.001952
-2.024898
-1.908762
-1.966584
-2.280087
10.862555
-2.282603
-2.408242
-2.461133
-2.535517
-2.547868
-2.512611
-2.475213
-2.477921
-2.487617
-2.480330
10.615813
-2.477495
-2.497850
-2.520947
-2.499753
-2.479664
-2.470683
-2.471552
-2.455377
-2.470865
-2.433910
10.574899
-2.433019
-2.403215
-2.410614
-2.374381
-2.331054
-2.280279
-2.280458
-2.261585
-2.259747
-2.248558
10.199689
-2.205413
-2.227077
-2.269682
-2.225206
-2.252681
-2.255625
-2.255659
-2.222146
-2.194069
-2.173280
9.145966
-2.163975
-2.229402
-2.136735
-2.148829
-2.158311
-2.183712
-2.216742
-2.258458
-2.304060
-2.295884
8.585225
-2.293720
-2.329951
-2.396201
-2.414765
-2.395589
-2.367133
-2.314854
-2.376743
-2.331639
-2.464625
7.832302
-2.383229
-2.400144
-2.379514
-2.335129
-2.319902
-2.403322
-2.463966
-2.486738
-2.494150
-2.500683
7.273889
-2.504255
-2.475256
-2.458781
-2.485112
-2.527768
-2.541382
-2.545035
-2.553861
-2.571589
-2.577237
6.507382
-2.571792
-2.608325
-2.616401
-2.648589
-2.650995
-2.613761
-2.605142
-2.631827
-2.654552
-2.690791
-2.656284
6.245669
-2.700288
-2.694068
-2.741482
-2.725576
-2.717995
-2.702858
-2.683634
-2.693842
-2.698163
-2.701888
5.706948
-2.695974
-2.697240
-2.641047
-2.648979
-2.676369
-2.678282
-2.740508
-2.804010
-2.808052
-2.786716
5.884439
-2.780195
-2.748678
-2.719196
-2.740022
-2.783441
-2.893276
-2.885605
-2.815847
-2.628561
-2.666685
5.905918
-2.526342
-2.090328
-1.822815
-1.248674
-1.162132
-1.815945
-1.794106
-1.767401
-1.737017
-1.685510
5.902228
-1.558347
-1.817317
-1.863539
-1.743096
-1.782282
-1.563224
-1.603847
-1.766816
-1.776184
-1.785421
5.672574
-1.780058
-1.795652
-1.832671
-1.832061
-1.828526
-1.830646
-1.696668
-1.565991
-1.362632
-1.435312
6.198546
-1.449151
-1.473525
-1.320950
-1.343345
-1.460528
-1.480466
-1.505910
-1.548192
-1.571285
-1.582754
6.165269
-1.582451
-1.612303
-1.645598
-1.645276
-1.668870
-1.682043
-1.630909
-1.670373
-1.690916
-1.752343
6.420356
-1.757685
-1.779244
-1.791344
-1.798321
-1.810064
-1.824852
-1.785074
-1.841867
-1.860236
-1.904897
6.332767
-1.919901
-2.005922
-2.055969
-2.055346
-2.084250
-2.112854
-2.128033
-2.025939
-2.006554
-1.972404
-2.659863
6.346036
-1.970615
-1.867918
-1.776794
-1.679225
-1.527774
-1.337990
-1.450439
-1.500005
-1.560898
-1.603255
5.708018
-1.663440
-1.644991
-1.631067
-1.628393
-1.668129
-1.592558
-1.779330
-1.786282
-1.814337
-1.764042
4.884691
-1.779656
-1.778627
-1.838950
-1.936880
-1.990261
-2.023513
-2.058369
-2.041447
-2.065513
-2.085050
2.484015
-2.109926
-2.135058
-2.149816
-2.185138
-2.207896
-2.209819
-2.248652
-2.262500
-2.298457
-2.306765
1.681560
-2.386433
-2.509699
-2.560083
-2.623002
-2.709169
-2.658544
-2.609153
-2.639908
-2.664340
-2.698699
1.227479
-2.711669
-2.630716
-2.558566
-2.354564
-2.327664
-1.821761
-1.449599
-0.891234
-0.956335
-1.587957
0.515044
-1.925523
-1.812745
-1.678382
-1.730917
-1.617947
-1.565045
-1.397084
-1.302818
-1.276121
-1.182059
0.171205
-1.057666
-1.075255
-1.057676
-1.103998
-1.311414
-1.402556
-1.385227
-1.470821
-1.520678
-1.669361
-0.455783
-1.583721
-1.551134
-1.509140
-1.541155
-1.513597
-1.551207
-1.543981
-1.607939
-1.664895
-1.783145
-0.738822
-1.764214
-1.782355
-1.709436
-1.656558
-1.636829
-1.636846
-1.605839
-1.840192
-1.818052
-1.782815
-2.660927
-0.768694
-1.789778
-1.581713
-1.567147
-1.747298
-1.914562
-1.783383
-1.657210
-1.704219
-1.589805
-1.800653
-0.912092
-1.935875
-2.012542
-2.013172
-1.866113
-1.488889
-1.390593
-1.388616
-1.408728
-1.474296
-1.338757
-1.007026
-1.256519
-1.176689
-0.950654
-1.162794
-1.139387
-1.059565
-1.157690
-1.145207
-1.111593
-0.973275
-1.265326
-0.711603
-0.671391
-0.612323
-0.594986
-0.456672
-0.542979
-0.599334
-0.636394
-0.646652
-0.655377
-1.695440
-0.548728
-0.470254
-0.490424
-0.482858
-0.458897
-0.616690
-0.644074
-0.568413
-0.358995
-0.432956
-1.804481
-0.502420
-0.286920
-0.183421
-0.059168
0.074344
0.389634
0.190223
0.082134
-0.049003
0.093404
-1.713274
0.368139
0.714999
0.716793
0.436431
0.425790
0.660299
0.833776
0.938890
0.847458
0.648687
-1.754603
0.155960
-0.410275
-0.632956
-0.787643
-0.883839
-1.115292
-1.308833
-1.385134
-1.192201
-0.981720
-1.781379
-0.990594
-0.908893
-0.792670
-0.714883
-0.793012
-0.881594
-0.809622
-0.990376
-1.082532
-1.162428
-1.780870
-1.214742
-1.228830
-1.472989
-1.773943
-1.858578
-1.798408
-1.660632
-1.624860
-1.616715
-1.613222
-2.670794
-1.885507
-1.598343
-1.491529
-1.482109
-1.492113
-1.353765
-1.494267
-1.501088
-1.577531
-1.643294
-1.721686
-1.959288
-1.766797
-1.771371
-1.775742
-1.767812
-1.821729
-1.809652
-1.869043
-1.928061
-1.975293
-1.989422
-1.991566
-2.008647
-1.999487
-2.032881
-2.063359
-2.057451
-2.057871
-2.051095
-2.049008
-2.051502
-2.042389
-1.999625
-2.050680
-2.037686
-2.030524
-1.997431
-1.986119
-1.969729
-1.977250
-1.977342
-1.964286
-1.936794
-1.992967
-1.927418
-1.911867
-1.906248
-1.925203
-1.939832
-1.889707
-1.802215
-1.754986
-1.697859
-1.641041
-1.999132
-1.617797
-1.637454
-1.586007
-1.636714
-1.711638
-1.588196
-1.506108
-1.525057
-1.558372
-1.843279
-2.031898
-1.885120
-1.983112
-2.041246
-2.086593
-2.127482
-2.127365
-2.145095
-2.096079
-1.993565
-1.912872
-2.057103
-1.883918
-1.908643
-1.862162
-2.045347
-2.129246
-2.111215
-2.105120
-2.115331
-2.132898
-2.133410
-2.072338
-2.085073
-2.033913
-1.989813
-2.059898
-2.110873
-2.180230
-2.264009
-2.259320
-2.216919
-2.115992
-2.064492
-2.054237
-2.069762
-2.136163
-2.196185
-2.257408
-2.224413
-2.194504
-2.202791
-2.155637
-2.134935
-2.676672
-2.051088
-2.148346
-2.166974
-2.165102
-2.137614
-2.127721
-2.138691
-2.109612
-2.118302
-2.104616
-2.107203
-2.045009
-2.133818
-2.164927
-2.183616
-2.175381
-2.176048
-2.188909
-2.214784
-2.234645
-2.245374
-2.235986
-2.044268
-2.225633
-2.224144
-2.206626
-2.214695
-2.219320
-2.229336
-2.220134
-2.238758
-2.234170
-2.225356
-2.055227
-2.213698
-2.175769
-2.171265
-2.202463
-2.205532
-2.250933
-2.218155
-2.219046
-2.224138
-2.209839
-2.072392
-2.199781
-2.226857
-2.194086
-2.194946
-2.159686
-2.152006
-2.140394
-2.127680
-2.139315
-2.056835
-2.078001
-1.991686
-1.914662
-1.843909
-1.696418
-1.665971
-1.669397
-1.593048
-1.565854
-1.584472
-1.564355
-2.083984
-1.585991
-1.591608
-1.698753
-1.843287
-1.908394
-1.910558
-1.965490
-1.984608
-2.015501
-2.028758
-2.103181
-2.023839
-2.015876
-1.800535
-1.711989
-1.579377
-1.178387
-1.088852
-0.870630
-0.700397
-0.448288
-2.119099
-0.094592
0.792622
0.876533
0.807927
0.665709
0.645330
0.393527
-0.702681
-1.218182
-1.505807
-2.121713
-2.048561
-2.152616
-2.240250
-2.260410
-2.317189
-2.343019
-2.363911
-2.361922
-2.401282
-2.413335
-2.677465
-2.115837
-2.322185
-2.278316
-2.234259
-2.164220
-2.101971
-2.045801
-2.019490
-1.958314
-1.873640
-1.781874
-2.111587
-1.639812
-1.545048
-1.488445
-1.428647
-1.185734
-1.254934
-1.236588
-1.128919
-1.130967
-1.275883
-2.109553
-1.216047
-1.153179
-1.138738
-1.168731
-1.133172
-1.198021
-1.169196
-1.201926
-1.202157
-1.202774
-2.105525
-1.176339
-1.020796
-1.000733
-0.907777
-0.632228
-0.304866
-0.199431
-0.077052
-0.078296
-0.205696
-2.096879
-0.273787
-0.016294
0.462709
0.545736
0.585907
0.730728
0.804032
0.828144
0.853329
0.894526
-2.107548
0.940387
0.764815
0.761580
0.833134
0.724292
0.566362
0.250355
0.108169
-0.022175
-0.260761
-2.088905
-0.533509
-0.219273
-0.134527
-0.138370
0.192517
0.335775
0.488803
0.439739
0.627219
0.755510
-2.071718
0.954934
0.937619
0.841774
0.313463
0.320815
0.193509
0.004257
-0.110715
-0.228606
-0.107085
-2.067461
-0.299572
-0.593421
-0.674367
-0.676916
-0.495914
-0.481154
-0.230639
-0.144637
-0.127705
-0.004407
-2.058932
-0.026951
0.107395
0.139010
0.006349
-0.358084
-0.402006
-0.149057
0.372738
0.344598
0.445761
-2.676353
-2.010560
1.176129
2.520325
2.777074
2.953002
1.845436
1.518348
1.467616
1.408872
1.077530
1.232930
-1.997926
1.417296
1.354817
1.040125
1.091103
0.944991
0.907640
1.089133
0.195708
-0.541403
-0.266541
-2.028279
-0.184015
-0.147804
-0.487441
-0.440840
-0.262372
-0.274728
0.232376
-0.260114
-0.350640
-0.188129
-2.062686
-0.183909
0.208286
-0.015382
-0.013510
-0.013291
-0.281673
-0.589857
-1.108926
-1.375125
-1.492700
-2.082119
-1.451238
-1.326579
-1.109117
-1.032471
-1.081976
-1.388194
-1.865549
-1.826198
-1.556104
-1.427139
-2.094736
-1.165552
-0.600981
0.169848
0.255306
1.885979
1.727540
1.750296
0.939824
0.925109
1.049274
-2.107846
0.494428
0.307367
-0.220751
-0.475098
-0.605466
-0.930559
-1.035841
-1.147752
-1.003476
-1.079641
-2.101648
-1.097988
-1.092163
-0.735507
-0.157131
-0.043014
0.121448
-0.280831
-0.501277
-0.502492
-0.538635
-2.111743
-0.747892
-0.459136
-0.184240
-0.009995
0.272130
0.246005
0.302881
0.213090
-0.518700
-0.794345
-2.075776
-0.887075
-1.035118
-1.575002
-1.779659
-2.136317
-2.124052
-2.117157
-2.092513
-2.062546
-2.050000
-2.682839
-2.041055
-2.055121
-2.045320
-2.052563
-2.039109
-2.111414
-2.169245
-2.268307
-2.247342
-2.263805
-2.289839
-2.052331
-2.284658
-2.306190
-2.332527
-2.351506
-2.317635
-2.281246
-2.240349
-2.176825
-2.086219
-2.043567
-2.112395
-2.115937
-2.151478
-2.175043
-2.227952
-2.281802
-2.264279
-2.270001
-2.274240
-2.306334
-2.316240
-2.138806
-2.314577
-2.321037
-2.323389
-2.336941
-2.219171
-1.980869
-2.175920
-2.447011
-2.476758
-2.493192
-2.133104
-2.463698
-2.469980
-2.504349
-2.523228
-2.517472
-2.562042
-2.608235
-2.644745
-2.647430
-2.632849
-2.127206
-2.597951
-2.586557
-2.585093
-2.550190
-2.501182
-2.251268
-2.161968
-1.904742
-1.927835
0.058965
-2.127316
0.256990
0.048579
-0.060461
-1.365627
0.177590
-1.658175
-0.190998
0.673289
-0.208998
-1.064578
-2.094690
-0.930602
-1.116702
0.084747
-0.599518
-0.602533
-0.920449
-1.420646
-1.646362
-1.899358
-2.063550
-2.098797
-2.163652
-2.144713
-2.134885
-2.164704
-2.202464
-2.182752
-2.120640
-2.145717
-2.175194
-2.168041
-2.095984
-2.168998
-2.168767
-2.109751
-2.149334
-1.797365
-1.745677
-1.688634
-1.770276
-2.254813
-2.338267
-2.683132
-2.123475
-2.350663
-2.170877
-2.333450
-2.039287
-1.958159
-0.977871
-0.586765
-1.668624
-0.880838
-1.286630
-2.130061
-1.465374
-1.449156
-1.521457
-1.596470
-1.580206
-1.475947
-1.335080
-1.382807
-1.511338
-1.567567
-2.111448
-1.658597
-1.687943
-1.693073
-1.700182
-1.927282
-1.984748
-2.031294
-1.976519
-1.968626
-1.888744
-2.116152
-1.843715
-1.899630
-1.909026
-1.904007
-1.848804
-1.800765
-1.803264
-1.820901
-1.791392
-1.768846
-2.131247
-1.733585
-1.685619
-1.695638
-1.675851
-1.641611
-1.645579
-1.627178
-1.576594
-1.517274
-1.480457
-2.142008
-1.463155
-1.354691
-1.091092
0.956389
-0.041872
-0.273093
-0.577511
-1.187249
-1.739424
-2.279961
-2.140228
-2.235845
-2.080015
-2.208829
-2.240418
-2.278826
-2.303150
-2.278186
-2.279078
-2.262090
-2.261165
-2.147444
-2.265495
-2.284915
-2.272270
-2.271340
-2.281973
-2.311138
-2.321209
-2.306064
-2.299258
-2.301476
-2.141019
-2.294073
-2.315109
-2.317708
-2.279563
-2.295267
-2.333505
-2.371740
-2.422575
-2.417789
-2.409810
-2.139193
-2.363413
-2.336990
-2.357754
-2.339449
-2.311589
-2.274034
-2.255031
-2.259560
-2.293024
-2.292840
-2.751998
-2.685574
-2.123706
-2.261811
-2.260231
-2.359477
-2.409453
-2.434384
-2.424709
-2.423537
-2.431361
-2.411403
-2.396500
-2.118613
-2.387852
-2.388847
-2.403466
-2.394677
-2.421049
-2.472216
-2.518553
-2.518344
-2.580107
-2.552939
-2.119388
-2.548001
-2.581588
-2.573324
-2.566986
-2.549454
-2.567844
-2.580037
-2.621836
-2.698269
-2.703344
-2.119987
-2.737939
-2.721995
-2.672426
-2.586700
-2.587842
-2.814510
-2.820114
-2.823803
-2.462254
-2.366408
-2.114499
-2.727664
-2.495517
-2.498454
-2.536165
-2.525922
-2.482740
-2.454486
-2.498433
-2.634690
-2.622820
-2.105316
-2.581046
-2.605370
-2.606216
-2.627790
-2.619620
-2.662924
-2.649987
-2.655096
-2.652714
-2.634542
-2.096922
-2.635729
-2.577348
-2.569851
-2.572552
-2.583878
-2.624359
-2.639226
-2.631840
-2.636765
-2.649432
-2.095475
-2.656686
-2.665111
-2.664447
-2.659047
-2.674971
-2.706381
-2.726597
-2.725164
-2.709805
-2.691775
-2.083168
-2.664932
-2.634865
-2.614861
-2.665213
-2.693419
-2.659863
-2.585941
-2.508537
-2.533165
-2.457182
-2.077268
-2.354048
-2.330693
-2.351847
-2.198411
-2.212123
-2.229373
-2.085693
-1.755476
-2.260498
-2.322008
-2.714657
-2.080453
-2.367785
-2.471807
-2.464608
-2.436383
-2.350334
-2.282892
-2.245695
-2.178970
-2.249656
-2.252723
-2.075698
-2.259063
-2.279002
-2.295761
-2.300807
-2.301040
-2.330537
-2.305181
-2.301127
-2.304048
-2.300439
-2.074807
-2.334595
-2.368796
-2.368665
-2.372392
-2.363439
-2.457918
-2.473347
-2.489492
-2.509967
-2.540867
-2.062378
-2.553017
-2.573444
-2.595714
-2.641355
-2.644197
-2.638794
-2.637782
-2.651254
-2.650657
-2.690199
-2.056520
-2.761222
-2.747053
-2.781487
-2.754290
-2.754377
-2.714291
-2.711172
-2.641971
-2.618799
-2.624505
-2.051106
-2.666778
-2.771848
-2.840541
-2.780616
-2.665646
-2.648400
-2.633784
-2.586959
-2.626605
-2.659950
-2.041413
-2.713247
-2.765903
-2.732120
-2.551705
-2.421979
-2.169350
-2.241799
-2.281157
-2.284364
-1.872376
-2.030325
-1.826216
-1.935462
-1.498173
1.915512
1.277142
0.299937
0.009281
-0.714157
-0.964579
-2.156656
-2.021854
-2.290234
-3.382512
-3.346462
-3.337988
-2.682510
-2.697501
-2.813343
-2.821678
-2.834882
-2.836704
-1.997661
-2.814568
-2.838090
-2.865094
-2.885416
-2.866096
-2.843863
-2.845802
-2.831159
-2.808975
-2.785898
-2.713495
-1.898599
-2.788611
-2.777128
-2.767893
-2.738539
-2.684425
-2.636284
-2.595994
-2.580717
-2.597806
-2.523764
-1.852333
-2.518257
-2.489179
-2.575670
-2.586166
-2.595939
-2.569927
-2.557472
-2.564040
-2.541090
-2.527262
-1.855617
-2.561192
-2.616520
-2.618494
-2.613213
-2.622494
-2.622380
-2.627229
-2.642580
-2.669106
-2.698515
-1.814928
-2.733428
-2.728648
-2.727134
-2.745327
-2.757293
-2.755507
-2.750518
-2.738825
-2.675690
-2.637516
-1.779036
-2.585935
-2.573822
-2.565272
-2.595081
-2.623625
-2.622576
-2.622032
-2.606670
-2.608553
-2.636171
-1.771223
-2.662351
-2.673227
-2.685603
-2.697846
-2.696506
-2.720565
-2.750518
-2.756885
-2.748860
-2.706880
-1.742709
-2.683993
-2.638483
-2.559088
-2.514000
-2.437685
-2.332817
-2.241640
-2.149266
-2.232973
-2.297514
-1.691647
-2.374832
-2.455439
-2.448198
-2.529983
-2.564625
-2.486382
-2.502741
-2.630854
-2.383594
-2.487306
-1.694737
-2.108127
-1.371631
-1.975737
-2.038392
-1.969181
-2.096779
-2.066793
-2.119058
-2.134533
-2.114536
-1.648297
-2.105324
-2.082111
-2.045672
-2.045249
-2.056297
-2.032511
-1.988788
-1.979019
-2.009068
-1.990331
-2.712247
-1.504838
-1.907791
-1.893010
-1.902590
-1.890468
-1.856186
-1.817907
-1.752875
-1.713023
-1.700072
-1.597614
-1.544647
-1.560919
-1.619548
-1.556618
-1.464771
-1.381248
-1.345316
-1.354189
-1.329035
-1.214445
-1.213647
-1.500047
-1.224797
-1.269269
-1.275690
-1.271140
-1.278800
-1.137657
-1.235528
-1.171940
-1.255155
-1.373471
-1.456088
-1.255480
-1.254755
-1.308068
-1.296382
-1.312966
-1.276860
-1.249160
-1.364588
-1.312650
-1.304095
-1.290088
-1.356994
-1.351740
-1.311846
-1.335522
-1.379776
-1.392278
-1.487345
-1.448592
-1.385252
-1.287575
-1.232064
-1.288815
-1.225418
-1.291094
-1.290939
-1.457970
-1.622589
-1.579749
-1.636670
-1.628682
-1.610984
-1.118293
-1.551067
-1.488556
-1.474391
-1.572694
-1.742429
-1.749810
-1.758114
-1.763929
-1.770908
-1.766103
-1.171438
-1.731759
-1.580170
-1.549710
-1.559780
-1.526257
-1.541199
-1.522166
-1.538860
-1.695038
-1.741793
-1.265103
-1.807110
-1.833552
-1.843857
-1.861062
-1.856520
-1.836150
-1.829976
-1.834419
-1.838984
-1.868862
-1.284575
-1.872938
-1.918484
-1.894396
-1.884640
-1.868219
-1.906323
-1.927394
-1.865522
-1.855734
-1.840620
-2.716416
-1.314771
-1.825383
-1.830421
-1.789301
-1.709465
-1.687800
-1.696963
-1.716721
-1.775908
-1.901518
-1.964665
-1.333390
-2.011812
-2.020072
-1.978121
-1.992540
-1.711339
0.928198
-0.391617
-0.550060
-0.807919
-0.800230
-1.333431
-0.931715
-1.153219
-1.259519
-1.296602
-1.137195
-1.214724
-1.198285
-1.212466
-1.206767
-1.167129
-1.427246
-1.121853
-1.119017
-1.152071
-1.270904
-1.266094
-1.259353
-1.284137
-1.274824
-1.261392
-1.350708
-1.555877
-1.318934
-1.314371
-1.279744
-1.328725
-1.359381
-1.280080
-1.285210
-1.261482
-1.340029
-1.308902
-1.548784
-1.266118
-1.298943
-1.263319
-1.267360
-1.265889
-1.268984
-1.276355
-1.327530
-1.313151
-1.311714
-1.517318
-1.286632
-1.244256
-1.207319
-1.188212
-1.236168
-1.230015
-1.200393
-1.168750
-1.174356
-1.199712
-1.445084
-1.201822
-1.185583
-1.149620
-1.122514
-1.089040
-1.096382
-1.149221
-1.208950
-1.220113
-1.287333
-1.587347
-1.275827
-1.287690
-1.292371
-1.364194
-1.387550
-1.368134
-1.331147
-1.353364
-1.416691
-1.411523
-1.631236
-1.401827
-1.417335
-1.368099
-1.352508
-1.310597
-1.367331
-1.342160
-1.428784
-1.465971
-1.413669
-2.709211
-1.605847
-1.397145
-1.396372
-1.392533
-1.412767
-1.433892
-1.407741
-1.399549
-1.411763
-1.415299
-1.365107
-1.530532
-1.376065
-1.377992
-1.392918
-1.389690
-1.462046
-1.428016
-1.449050
-1.495662
-1.492990
-1.500954
-1.543253
-1.502901
-1.445135
-1.475677
-1.475493
-1.481807
-1.477485
-1.463907
-1.458771
-1.448878
-1.468302
-1.505288
-1.445822
-1.425361
-1.439790
-1.409683
-1.430460
-1.475071
-1.426825
-1.435014
-1.402887
-1.382928
-1.602175
-1.401558
-1.415366
-1.402698
-1.418074
-1.379000
-1.392245
-1.441235
-1.430831
-1.379213
-1.383394
-1.646192
-1.401422
-1.410312
-1.380770
-1.349070
-1.338557
-1.303027
-1.325090
-1.314867
-1.318147
-1.327016
-1.711660
-1.353911
-1.348101
-1.369115
-1.357571
-1.334806
-1.324102
-1.427751
-1.455722
-1.533276
-1.539713
-1.770171
-1.599597
-1.595315
-1.639448
-1.662495
-1.723232
-1.751657
-1.762781
-1.790980
-1.800381
-1.840770
-1.690688
-1.757513
-1.755693
-1.777326
-1.786867
-1.833401
-1.808327
-1.815987
-1.798321
-1.787694
-1.732878
-1.651178
-1.731923
-1.707658
-1.689126
-1.701748
-1.681331
-1.638457
-1.553058
-1.536940
-1.545731
-1.539597
-2.712415
-1.491412
-1.426832
-1.339937
-1.327218
-1.298663
-1.244717
-1.166128
-1.178167
-1.118185
-0.989430
-0.988965
-1.822256
-0.887183
-0.870399
-0.846394
-0.921718
-1.036916
-1.073664
-1.100784
-1.070114
-0.954441
-0.876218
-2.007567
-1.050881
-1.033436
-1.058563
-1.025508
-1.074273
-1.082131
-1.159054
-1.185544
-1.038607
-0.795536
-2.081990
-0.802957
-0.709227
-0.745418
-0.761810
-0.690496
-0.799037
-0.769886
-0.828381
-0.889390
-1.003204
-2.093700
-1.075760
-1.034132
-1.068112
-1.099558
-0.974232
-1.132004
-1.136354
-1.115483
-1.106539
-1.184816
-2.090166
-1.197212
-1.252106
-0.915162
-0.994958
-0.920202
-0.712695
-0.913304
-0.855469
-1.092935
-1.440003
-2.041199
-1.369029
-1.315267
-1.422272
-0.869597
-0.771890
-0.847908
-1.345077
-1.678455
-1.776263
-1.867939
-1.927795
-2.116613
-2.240913
-2.125866
-2.082704
-2.013156
-1.961087
-1.692583
-1.061248
0.176296
0.192641
-1.691969
0.090472
-0.267456
-0.457597
-0.495177
-0.549741
-0.594223
-0.806866
-0.798725
-0.754240
-0.593033
-1.794573
-0.311769
-0.280291
-0.621597
-1.060544
-0.509967
-0.473327
-0.850353
-0.885787
-1.306897
-0.780744
-2.699469
-2.013256
-0.653440
-0.843447
-0.786705
-0.625113
-0.601782
-0.469260
-0.182056
-0.216527
-0.116762
-0.111349
-2.049963
-0.070607
-0.003620
-0.056302
-0.420628
-0.830389
-1.168769
-1.269521
-1.039799
-1.058830
-0.899743
-2.052440
-0.860173
-0.953592
-0.978970
-0.962964
-0.715580
-0.722727
-0.821008
-1.119116
-0.933763
-0.558619
-2.027665
-1.227574
-0.640922
-0.534768
0.374192
0.870311
-0.485790
-1.026694
-1.283999
-0.638589
-0.298779
-2.031933
0.338090
0.204779
-0.628093
-0.559958
-1.332757
-0.259559
-0.311847
-0.327784
-0.359755
-0.410609
-2.026845
-0.490182
-0.590187
-0.633888
-0.758379
-0.836531
-0.829494
-0.781421
-0.968674
-1.042271
-1.079398
-2.034963
-1.074556
-1.019330
-0.977480
-0.961302
-1.311102
-1.472740
-1.381325
-1.338431
-1.433665
-1.361199
-2.071886
-1.417665
-1.531643
-1.592687
-1.357298
-1.391153
-1.390444
-1.216543
-1.295520
-1.469852
-1.367430
-2.025688
-1.291655
-1.422810
-1.559648
-1.664893
-1.614399
-1.560742
-1.593750
-1.721043
-1.695394
-1.623899
-1.938172
-1.711205
-1.650720
-1.693532
-1.849466
-1.883946
-1.807017
-1.680676
-1.618779
-1.715404
-1.817989
-2.698099
-1.773783
-1.618201
-1.423436
-1.217477
-0.864303
-0.987092
-0.988916
-1.297344
-1.280255
-1.565734
-1.899131
-1.574124
-1.893094
-1.911396
-2.056123
-1.896928
-1.738121
-1.672453
-1.600311
-2.199465
-2.341017
-2.341374
-1.211305
-2.342266
-2.179990
-1.745142
-1.951097
-1.915942
-1.986404
-2.092521
-2.145863
-2.388088
-2.395167
-1.099777
-2.389097
-2.368277
-2.327299
-2.446271
-2.563961
-2.579316
-2.570195
-2.542506
-2.516215
-2.559359
-1.115682
-2.542787
-2.565306
-2.573343
-2.554320
-2.298653
-2.228172
-2.215569
-2.209458
-1.959522
-1.509168
-1.090540
-0.319540
0.060253
0.204363
0.525514
0.426246
0.132891
-1.112103
-1.551358
-1.609235
-1.717636
-1.291373
-1.812788
-2.064708
-2.117797
-2.121986
-2.177237
-2.248929
-2.303727
-2.323734
-2.457580
-2.534444
-1.404297
-2.580493
-2.555526
-2.530230
-2.549618
-2.685149
-2.755005
-2.776759
-2.787652
-2.776339
-2.813743
-1.497175
-2.776321
-2.734091
-2.687757
-2.660329
-2.633089
-2.588392
-2.557310
-2.562415
-2.567603
-2.525629
-1.491150
-2.534792
-2.548719
-2.476296
-2.454367
-2.457673
-2.519122
-2.504826
-2.476256
-2.467392
-2.555614
-2.697473
-1.458687
-2.575739
-2.526025
-2.496791
-2.253436
-1.965148
-2.154705
-2.162151
-2.294727
-2.288318
-2.389984
-1.568544
-2.446194
-2.463810
-2.481379
-2.615273
-2.578875
-2.593623
-2.081935
-2.125327
-1.355961
-1.237679
-1.737223
-1.857339
-2.237105
-2.720555
-2.580155
-2.617364
-2.586880
-2.560187
-2.557634
-2.507839
-2.525803
-1.946607
-2.544511
-2.511905
-2.455905
-2.489878
-2.454918
-2.467770
-2.439358
-2.425458
-2.395920
-2.221274
-2.034834
-2.212126
-2.221982
-2.241496
-2.134050
-1.737548
-1.498270
-1.332565
-1.204325
-0.677336
-0.584554
-2.038883
-0.310607
0.945577
-0.002618
0.108226
0.202746
-0.722039
-1.135078
-1.313935
-1.399411
-1.546609
-2.041434
-1.657194
-1.637653
-1.571815
-1.535144
-1.473319
-1.509147
-1.490374
-1.370765
-1.437632
-1.491277
-2.066557
-1.435814
-1.436535
-1.477594
-1.523582
-1.526026
-1.677175
-1.809016
-1.899606
-1.946164
-2.032571
-2.122547
-2.108693
-2.172098
-2.160119
-2.209252
-2.097670
-2.154765
-2.053915
-2.196402
-2.294645
-2.523761
-2.132967
-2.646106
-2.666916
-2.552203
-2.566534
-2.458594
-2.465279
-2.473518
-2.494802
-2.504936
-2.514386
-2.751065
-2.683267
-2.135834
-2.453589
-2.371442
-2.234584
-1.938809
-1.726386
-1.545417
-1.611112
-1.787422
-1.944840
-2.158323
-2.172536
-2.253905
-2.362611
-2.372056
-2.383797
-2.410129
-2.448519
-2.458953
-2.659454
-2.696868
-2.671715
-2.130802
-2.566805
-2.691391
-2.407702
-2.420707
-2.432500
-2.394796
-2.514999
-2.467835
-2.420683
-2.484871
-2.075215
-2.237749
-1.984743
-1.805289
-1.556237
0.414005
0.410081
0.652663
-1.206025
-1.491377
-1.700530
-2.070089
-1.834716
-1.974572
-2.158771
-2.242710
-2.281096
-2.454778
-2.497097
-2.515291
-2.508391
-2.526957
-2.006399
-2.600999
-2.635549
-2.623769
-2.654850
-2.697086
-2.674471
-2.536934
-2.201466
-1.521899
-0.520276
-2.164229
0.542539
1.167805
1.713011
-0.175389
-0.951983
-0.986461
-0.934508
-1.068131
-1.197570
-1.311154
-2.225030
-1.379839
-1.337300
-1.266166
-1.392498
-1.514798
-1.513993
-1.691753
-1.802396
-1.813055
-1.940760
-2.278425
-2.020489
-2.247911
-2.364085
-2.364462
-2.374646
-2.412684
-2.475708
-2.406607
-2.359071
-2.254959
-2.281731
-2.115772
-2.187494
-2.202376
-2.174012
-1.977463
-1.984134
-1.712110
-1.236406
-1.139695
-0.967213
-2.676359
-2.363562
0.585858
0.165825
1.333250
1.679906
0.698575
0.545623
0.372548
0.054875
-0.161256
-0.170214
-2.379708
-0.259373
-0.270588
-0.378593
-0.397853
-0.388870
-0.575930
-0.730167
-0.919143
-1.183724
-1.124835
-2.349337
-1.233299
-1.520994
-1.581407
-1.157803
-1.485099
-0.997081
-0.093779
-0.765934
-1.039298
-1.108409
-2.357870
-1.130462
-1.375038
-1.616137
-1.556714
-1.376479
-1.471660
-1.350574
-1.044021
-0.979111
-0.945927
-2.196637
-0.990515
-1.047118
-1.088723
-1.040840
-1.011593
-1.007348
-1.049597
-1.064495
-1.217390
-1.203903
-2.252576
-1.207422
-1.099516
-1.087263
-1.212959
-1.104630
-1.072875
-1.053882
-1.024617
-1.105122
-1.110172
-2.275611
-1.069978
-1.119914
-1.084910
-1.060045
-1.006902
-1.032857
-1.120717
-1.208519
-1.258929
-1.416876
-2.178651
-1.522328
-1.477919
-1.399937
-1.281449
-1.270068
-1.267068
-1.258174
-1.296917
-1.363377
-1.432436
-2.149868
-1.301127
-1.296005
-1.516063
-1.554311
-1.570456
-1.494589
-1.576198
-1.534847
-1.553369
-1.682326
-2.026539
-1.674514
-1.661939
-1.683908
-1.681539
-1.650726
-1.592981
-1.804736
-1.792636
-1.806735
-1.652615
-2.658633
-2.067301
-1.505859
-1.601212
-1.717899
-1.767575
-2.069022
-2.088519
-1.980099
-1.958487
-1.937671
-1.873826
-2.082710
-1.827024
-1.760167
-1.755998
-1.818046
-1.831563
-1.830889
-1.813205
-1.793962
-1.804459
-1.843916
-2.116426
-1.844571
-1.727577
-1.679520
-1.752055
-1.801208
-1.765169
-1.782862
-1.766707
-1.719898
-1.713870
-2.036943
-1.893631
-1.974300
-1.984624
-1.972884
-1.912727
-1.949693
-1.987180
-1.891100
-2.015863
-1.986879
-2.424893
-2.102015
-2.166265
-2.205262
-2.254817
-2.248557
-2.224530
-2.169793
-1.984978
-1.982809
-1.962600
-2.528087
-1.973201
-1.994460
-1.943975
-1.943728
-1.908116
-1.925280
-2.002878
-2.020455
-2.012404
-2.079898
-2.637372
-2.144662
-2.170600
-2.209860
-2.247901
-2.253579
-2.269227
-2.253809
-2.248959
-2.261290
-2.280424
-2.368673
-2.294930
-2.290139
-2.318004
-2.370165
-2.359087
-2.427156
-2.466069
-2.463357
-2.488754
-2.490874
-2.521651
-2.483124
-2.485789
-2.487844
-2.495076
-2.516713
-2.512954
-2.517381
-2.570282
-2.596313
-2.576680
-2.413143
-2.574736
-2.623054
-2.618121
-2.588330
-2.560391
-2.517294
-2.460855
-2.379840
-2.353479
-2.321596
-2.655193
-2.483580
-2.324608
-2.341402
-2.326126
-2.306133
-2.309758
-2.346490
-2.407958
-2.500976
-2.551762
-2.655072
-2.611986
-2.739956
-2.760033
-2.743082
-2.772107
-2.778547
-2.804660
-2.957886
-3.237438
-3.270353
-3.353607
-2.618832
-3.273341
-3.454823
-3.233133
-2.954982
-2.950430
-3.199527
-3.220711
-3.011558
-2.973382
-2.944537
-2.258554
-2.936339
-2.943143
-2.937632
-2.946649
-2.980741
-2.964155
-2.959672
-2.952404
-2.983915
-2.991774
-2.259520
-3.010348
-3.010521
-3.011844
-3.018427
-3.020286
-3.020643
-3.011933
-2.992516
-2.950962
-2.947232
-2.273529
-2.952663
-2.954895
-2.942396
-2.943386
-2.948942
-2.953786
-2.947468
-2.950438
-2.929571
-2.936303
-2.296205
-2.928878
-2.935956
-2.960542
-2.979376
-2.985542
-3.007675
-3.006967
-3.023822
-3.029301
-3.018020
-2.257991
-3.006974
-3.003732
-2.982694
-2.993364
-2.988698
-2.975442
-2.987198
-3.013178
-3.026964
-3.037892
-2.243494
-3.049401
-3.050249
-3.045383
-3.024209
-3.019663
-3.005148
-2.991948
-2.971520
-2.952885
-2.999803
-2.263364
-2.989595
-2.928170
-2.913118
-2.914886
-2.882504
-2.825366
-2.707245
-2.753108
-2.729727
-2.729430
-2.659428
-2.223539
-2.649208
-2.637752
-2.598771
-2.634355
-2.641292
-2.610519
-2.446274
-2.109725
-1.518253
-2.336632
-2.229160
-2.857781
-3.114548
-3.069377
-2.757224
-2.919616
-2.938921
-2.774035
-3.160529
-3.181442
-3.158094
-2.223999
-2.599052
-1.897888
-1.483187
-0.827616
-0.231568
0.299070
-0.874008
-2.921347
-2.859264
-2.690414
-2.221214
-2.450692
-2.654850
-2.495161
-2.151944
-1.614496
-1.731717
-1.281400
-0.651410
0.353175
0.002426
-2.227770
3.540939
3.406674
2.435684
3.151513
-0.040005
-0.737308
-1.951676
-2.668576
-2.656775
-2.496995
-2.269684
-2.300293
-2.302141
-2.390315
-2.344530
-2.332008
-2.311659
-2.292029
-2.259251
-2.308210
-2.334780
-2.300021
-2.297899
-2.173945
-2.257744
-2.280541
-2.266397
-2.245306
-2.280907
-2.295208
-2.316570
-2.349035
-2.288741
-2.354786
-2.372701
-2.375159
-2.380802
-2.410408
-2.430414
-2.474726
-2.589694
-2.617954
-2.589006
-2.252131
-2.548641
-2.577689
-2.572092
-2.560410
-2.624588
-2.672616
-2.736242
-2.774159
-2.800760
-2.820842
-2.204374
-2.822012
-2.818120
-2.800684
-2.804288
-2.752702
-2.651217
-2.528032
-2.841701
-2.712894
-2.518330
-2.643001
-2.148051
-2.522700
-2.837683
-2.835372
-2.863231
-2.864792
-2.858179
-2.854111
-2.862730
-2.981908
-3.042306
-2.154387
-3.046958
-2.999925
-3.050570
-3.071414
-3.042757
-2.999970
-3.008826
-3.003126
-3.003525
-2.980601
-2.199489
-2.940572
-2.912364
-2.870405
-2.851394
-2.818295
-2.884337
-2.906133
-2.967187
-2.972240
-2.968470
-2.245796
-2.985487
-2.991651
-2.839707
-2.914474
-2.951300
-2.979650
-2.943390
-2.797365
-2.575678
-2.217889
-2.220671
-2.041357
-2.147743
-1.768115
-1.732547
-1.640457
-0.825574
-1.975201
-2.280630
-2.367067
-2.325562
-2.246492
-2.337822
-2.362157
-2.341555
-2.264842
-2.229562
-2.245155
-2.224102
-2.228125
-2.344420
-2.383935
-2.476409
-2.480581
-2.513877
-2.518793
-2.539711
-2.543205
-2.562995
-2.586879
-2.562418
-2.555139
-2.579819
-2.624107
-2.610693
-2.628939
-2.723381
-2.752917
-2.725840
-2.665061
-2.585720
-2.545778
-2.502895
-2.559693
-2.763713
-2.797545
-2.528597
-2.499141
-2.505604
-2.811631
-2.614196
-1.793378
-2.138317
-1.976333
-1.940202
-2.619271
-2.334588
-2.543427
-2.561290
-2.643074
-2.503449
-2.485728
-2.472380
-2.461500
-2.469774
-2.450987
-2.603868
-2.577724
-2.483786
-2.533424
-2.542980
-2.518832
-2.507301
-2.524422
-2.547739
-2.514892
-2.519701
-2.545498
-2.619190
-2.515124
-2.518719
-2.560351
-2.551146
-2.548980
-2.510020
-2.499661
-2.516104
-2.500416
-2.532378
-2.982115
-2.523162
-2.478960
-2.444122
-2.441082
-2.451633
-2.449585
-2.390220
-2.411017
-2.425076
-2.410821
-2.959900
-2.422438
-2.464945
-2.460388
-2.471857
-2.495250
-2.475489
-2.266046
-2.247099
-2.364975
-2.291881
-2.612107
-2.303833
-2.293999
-2.270869
-2.212258
-2.144653
-2.049855
-2.021439
-1.969677
-2.015187
-2.031428
-2.577996
-2.072157
-2.038988
-2.027044
-2.006588
-1.900118
-1.981833
-2.021444
-2.093932
-2.149904
-2.122792
-2.314364
-2.128442
-2.098052
-2.024771
-2.103510
-2.025871
-1.956537
-2.001571
-2.059672
-2.097394
-2.060143
-2.385485
-2.115539
-2.160144
-2.237711
-2.273573
-2.273499
-2.195282
-2.133323
-2.092764
-2.035681
-2.047772
-2.544975
-2.017367
-1.964288
-1.958004
-1.865423
-1.767034
-1.762112
-1.713376
-1.814204
-1.684278
-1.523484
-2.350649
-1.495968
-1.501912
-1.583869
-1.594855
-1.501868
-1.509946
-1.533468
-1.482108
-1.196524
-1.374495
-2.584163
-2.354738
-1.464464
-1.511180
-1.456843
-1.416026
-1.321236
-1.297822
-1.221438
-1.229193
-1.235661
-0.987034
-2.425783
-0.897572
-0.881151
-0.825998
-0.908670
-1.118256
-1.005975
-1.074806
-1.171731
-1.130343
-1.062986
-2.299171
-1.162787
-1.105511
-1.057429
-1.105981
-1.154031
-1.109143
-1.297787
-1.356703
-1.383918
-1.608740
-0.133078
-1.690277
-1.769727
-1.811693
-1.796563
-1.789719
-1.803633
-1.892652
-1.951832
-2.041536
-1.952753
-1.846789
-1.889763
-1.932286
-1.921499
-1.900993
-1.927892
-1.942313
-1.897363
-1.921223
-2.003722
-1.983204
-1.936670
-2.025785
-2.142417
-2.198670
-2.215514
-2.180565
-2.306175
-2.278139
-2.303370
-2.250106
-2.255338
-2.066607
-2.308068
-2.247119
-2.241095
-2.134645
-2.175774
-2.082083
-2.144566
-2.127565
-2.114183
-1.957835
-2.120544
-1.923300
-1.927564
-2.025756
-2.113132
-1.857601
-2.133421
-2.026130
-1.906847
-1.567832
-1.655294
-1.925800
-1.648415
-1.782960
-1.762337
-1.977878
-1.852834
-1.846932
-1.638617
-1.949502
-2.102466
-2.042706
-1.854144
-2.090138
-2.121013
-2.257714
-2.178133
-2.304308
-2.259407
-2.278240
-2.290335
-2.422923
-2.451564
-2.563677
-1.837849
-2.454983
-2.460745
-2.527243
-2.538539
-2.495919
-2.506082
-2.459102
-2.421769
-2.368028
-2.379481
-1.941082
-2.378084
-2.357003
-2.216718
-2.150955
-2.175502
-1.696419
-2.020801
-2.117144
-2.273858
-2.379027
-1.890324
-2.444032
-2.452454
-2.496087
-2.515745
-2.493931
-2.507941
-2.413560
-2.388358
-2.417708
-2.462185
-2.046110
-2.522204
-2.376466
-2.449204
-2.472822
-2.438959
-2.380021
-2.296877
-2.269356
-2.214775
-2.140695
-1.873637
-2.119695
-2.096501
-2.090364
-2.072638
-2.043244
-2.057064
-1.954844
-1.978575
-1.941322
-2.047600
-2.236076
-2.152319
-2.250374
-2.235074
-2.221937
-2.231445
-2.226120
-2.283442
-2.325988
-2.260068
-2.215384
-2.743198
-2.108710
-2.221662
-2.257179
-2.262610
-2.222497
-2.233748
-2.267393
-2.454194
-2.425062
-2.369632
-2.838502
-2.352786
-2.413199
-2.304404
-2.292554
-2.218642
-2.059929
-1.995852
-1.933584
-1.981860
-1.744987
-2.286970
-1.882072
-2.349432
-2.430266
-2.290278
-2.081550
-2.014392
-1.931211
-2.169543
-2.198828
-2.095815
-2.245288
-2.029189
-1.913829
-1.972934
-1.996985
-2.250659
-2.197977
-2.120466
-2.108983
-2.304153
-2.379494
-2.549510
-2.224683
-2.426842
-2.518629
-2.487312
-2.527380
-2.591795
-2.535075
-2.632894
-2.765579
-2.690395
-2.684843
-2.239936
-2.661709
-2.626700
-2.704983
-2.961752
-2.981774
-2.873491
-3.000474
-2.883981
-2.837943
-3.100955
-2.220276
-2.737414
-1.942836
-2.159359
-2.471754
-2.665472
-2.755855
-2.614229
-2.584993
-2.508857
-2.501134
-2.134553
-2.527488
-2.550610
-2.525070
-2.506311
-2.507613
-2.536064
-2.563220
-2.575187
-2.520567
-2.566874
-2.054191
-2.576599
-2.535032
-2.567969
-2.575625
-2.556252
-2.555266
-2.482345
-2.522329
-2.431560
-2.347015
-1.987589
-2.170799
-1.777711
-2.434794
-2.538636
-2.509342
-2.430157
-2.400326
-2.396495
-2.498962
-2.501961
-2.057703
-2.481538
-2.478305
-2.411813
-2.423224
-2.553125
-2.579256
-2.567537
-2.543327
-2.494855
-2.511214
-2.050295
-2.496969
-2.435316
-2.392005
-2.336823
-2.328303
-2.392409
-2.439893
-2.365661
-2.354603
-2.295482
-2.072125
-2.236078
-2.226071
-2.212585
-2.112894
-2.056138
-1.988226
-1.740826
-1.794574
-1.698280
-1.873564
-2.039680
-1.848956
-2.000576
-2.099442
-2.123177
-2.097568
-2.092155
-2.056060
-2.068487
-2.081793
-2.072379
-2.753543
-2.538966
-2.066624
-2.047927
-1.993212
-1.977374
-1.879282
-1.879179
-1.890907
-1.711248
-1.556728
-1.475392
-1.452824
-2.053176
-1.579400
-1.680356
-1.913510
-1.901065
-1.844578
-1.840104
-1.825734
-1.862322
-1.962475
-1.967005
-1.923078
-1.896115
-1.937521
-1.863684
-1.782746
-1.097265
-0.920985
-0.480459
-0.000751
0.343057
0.474147
-1.070689
0.096313
-0.005383
-0.190048
-0.444880
-0.852232
-0.937677
-0.958849
-1.151358
-1.272246
-1.341772
-0.900582
-1.441502
-1.609956
-1.711681
-1.835554
-1.819430
-1.925118
-1.973643
-2.069873
-2.157599
-2.142868
-0.865494
-2.161500
-2.182787
-2.177799
-2.179991
-2.295000
-2.282896
-2.202849
-2.144187
-2.072752
-1.991623
-1.362671
-1.883946
-1.883555
-1.398180
-1.623411
-1.564005
-1.409976
-1.024844
-0.495245
-0.393869
-0.092168
-1.839047
0.226136
0.869555
1.112898
1.374668
1.287614
0.910248
0.973413
1.260985
2.663493
1.629358
-1.686279
2.669321
3.062368
3.872211
4.491431
4.114770
4.122474
4.318643
3.857790
3.089372
2.287302
-1.598819
1.211896
0.429523
-1.532942
-1.718574
-1.742679
-1.638619
-1.754192
-1.889527
-1.832934
-1.899292
-2.522102
-1.517532
-1.877828
-1.889116
-1.912265
-1.862011
-1.862360
-1.891743
-1.941316
-2.024484
-1.994242
-2.029551
-1.378914
-2.054733
-2.111540
-2.185434
-2.214853
-2.282830
-2.286706
-2.267483
-2.268204
-2.250296
-2.325710
-1.426974
-2.305844
-2.299243
-2.352719
-2.380709
-2.289469
-2.089022
-1.939369
-1.917274
-1.912069
-1.856866
-1.144125
-1.958042
-1.987648
-1.958830
-1.945814
-1.928126
-1.910763
-1.949530
-1.976753
-2.015093
-1.974775
-0.087571
-1.980159
-1.976350
-2.020318
-2.079139
-2.091498
-2.080821
-2.180141
-2.156813
-2.069407
-2.054526
-0.091180
-2.074862
-2.071522
-2.048456
-2.110690
-2.129404
-2.174579
-2.254724
-2.324473
-2.383489
-2.390057
-0.279276
-2.331495
-2.305174
-2.290644
-2.307849
-2.339600
-2.364511
-2.359440
-2.381221
-2.393392
-2.400588
-0.398887
-2.408232
-2.399061
-2.388146
-2.400864
-2.398785
-2.461998
-2.461759
-2.458784
-2.449119
-2.470893
-0.494353
-2.446056
-2.416989
-2.427043
-2.390150
-2.332952
-2.281898
-2.250714
-2.218600
-2.100153
-2.052489
-0.654902
-2.015312
-1.995579
-1.980298
-1.977723
-1.956817
-1.924768
-1.865616
-1.742305
-1.672843
-1.674369
-2.515505
-0.437255
-1.621670
-1.561109
-1.500749
-1.437262
-1.350536
-1.303752
-1.280101
-1.204982
-1.095356
-0.881694
-0.195668
-0.628981
-0.373264
-0.255168
-0.406308
-0.638574
-0.779990
-1.014939
-1.203951
-1.515295
-1.690490
0.315248
-1.756901
-1.730910
-1.658210
-1.626649
-1.496409
-1.439474
-1.400625
-1.388586
-1.359911
-1.372820
0.615934
-1.360839
-1.355800
-1.318374
-1.262619
-1.146102
-1.180511
-1.193522
-1.039751
-1.046650
-0.990475
0.874018
-0.905021
-0.925310
-1.002896
-0.979273
-1.332023
-1.393421
-1.447964
-1.482267
-1.523406
-1.553103
1.086271
-1.605058
-1.655442
-1.704116
-1.757109
-1.799491
-1.733240
-1.541478
-1.467632
-1.511276
-1.802178
1.161631
-1.808226
-1.769231
-1.722836
-1.735289
-1.762609
-1.786896
-1.701658
-1.676548
-1.586727
-1.498167
1.321487
-1.466595
-1.596984
-1.551248
-1.679729
-1.790476
-1.876912
-1.826616
-1.882410
-1.924255
-1.872072
1.635466
-2.016271
-2.032372
-2.094778
-2.120850
-2.150358
-2.162089
-2.145446
-2.151375
-2.152496
-2.124334
1.800435
-2.087200
-2.108289
-2.087924
-2.026186
-2.033948
-2.060341
-2.132761
-2.043850
-2.028824
-2.058703
-2.501510
1.756181
-2.063996
-2.111696
-2.126166
-2.120189
-2.089543
-2.095359
-2.119680
-2.156941
-2.187465
-2.177732
2.024930
-2.184283
-2.248994
-2.291560
-2.295754
-2.320830
-2.310194
-2.310730
-2.298717
-2.290732
-2.273306
2.446273
-2.252288
-2.236457
-2.260454
-2.184268
-2.136675
-2.123619
-2.135071
-2.106705
-2.089730
-2.071075
2.631632
-2.084008
-2.128528
-2.167189
-2.184773
-2.230661
-2.198419
-2.205144
-2.231980
-2.152542
-2.148983
2.805342
-2.048556
-2.007911
-2.060618
-2.126762
-2.202675
-2.178211
-2.156393
-2.274372
-2.279268
-2.266600
3.747669
-2.186351
-2.174813
-2.156768
-2.098097
-2.071673
-2.007008
-1.886987
-1.902512
-1.896869
-1.894536
4.723734
-1.941759
-1.965079
-1.944864
-1.946821
-2.057914
-2.081677
-2.096657
-2.082417
-2.087277
-2.077436
5.275253
-2.074025
-1.906553
-1.836985
-1.808933
-1.804402
-1.706419
-1.720159
-1.611776
-1.713153
-1.757923
5.325517
-1.697846
-1.666944
-1.644016
-1.513616
-1.558633
-1.547424
-1.449270
-1.522840
-1.294265
-1.042271
5.605717
-0.735726
-0.512993
-0.793852
-0.842706
-0.676291
-0.253035
-0.221546
-0.272960
-0.530372
-0.710633
-2.486737
5.554015
-0.752756
-0.554703
-0.328386
-0.106095
-0.235338
-0.225268
-0.046906
0.197638
0.168750
-0.233639
6.057998
-0.295798
-0.229627
-0.266952
-0.359119
-0.214985
-0.278626
-0.267139
-0.360734
-0.437130
-0.672982
5.369294
-0.709185
-0.866499
-0.902649
-0.865910
-0.774350
-0.844529
-0.901054
-0.936911
-0.923350
-0.937227
4.844510
-0.936249
-0.976726
-1.018713
-1.064183
-1.070430
-0.983934
-1.043121
-1.116330
-1.240945
-1.323087
4.345875
-1.350106
-1.358459
-1.339540
-1.324262
-1.302490
-1.237514
-1.176965
-1.148615
-1.133286
-1.138965
4.057564
-1.135777
-1.195688
-1.200305
-1.269025
-1.257049
-1.210480
-0.728607
-0.487898
0.392157
1.101640
3.800708
0.920554
-0.076956
-0.645695
-0.879031
-1.033115
-1.062643
-1.065523
-0.945118
-0.921864
-0.859931
3.498171
-0.576330
-0.281654
-0.050564
0.042360
0.234115
0.990789
1.471139
1.715447
2.282552
3.000710
3.229746
3.684828
4.665967
5.271650
5.901868
6.626497
6.502620
6.954618
6.061298
6.046811
5.949316
3.011665
6.033401
6.075579
5.700641
3.990312
2.693804
1.676988
0.872378
1.254902
2.031653
2.567421
-2.467814
2.800666
3.228935
4.778923
6.154079
4.469388
6.911922
7.944387
9.445678
8.964265
8.078507
6.422643
3.040942
5.126202
4.394439
4.286833
2.857508
0.783942
0.484590
0.212739
0.513451
0.438040
0.451563
3.246436
0.576497
0.522335
0.560323
0.292510
-0.033412
-0.191557
-0.298271
-0.379785
-0.279372
-0.306548
3.416851
-0.397560
-0.374941
-0.384654
-0.408500
-0.477958
-0.400748
-0.410562
-0.523145
-0.712004
-0.773175
3.868568
-0.761633
-0.533866
0.085594
0.734882
0.987289
1.672834
1.628286
1.129365
1.687395
1.025201
4.858619
0.719635
0.447870
0.030742
-0.341580
-0.935754
-1.115280
-1.103190
-1.106002
-1.145631
-1.237142
4.518748
-1.384396
-1.395970
-1.398510
-1.353279
-1.585913
-1.671372
-1.894324
-1.944409
-1.925065
-1.871766
4.167892
-1.773140
-1.626293
-1.692616
-1.703337
-1.736041
-1.746335
-1.752937
-1.793720
-1.791962
-1.789641
3.927967
-1.791988
-1.790224
-1.793890
-1.795446
-1.788245
-1.789249
-1.787884
-1.786275
-1.785013
-1.784630
3.462364
-1.181224
-1.175380
-1.161678
-1.197409
-1.199659
-1.227052
-1.233060
-1.243811
-1.246236
-1.279517
-2.455684
2.886070
-1.281816
-1.289453
-1.289455
-1.296294
-1.292568
-1.286097
-1.290330
-1.286886
-1.285214
-1.283193
2.825663
-1.284368
-1.279818
-1.278231
-1.273329
-1.273766
-1.272089
-1.272265
1.875526
1.513438
1.625793
1.373719
1.555714
1.095698
0.478055
-0.216710
-2.442807
-1.197640
-1.590006
-1.811430
-1.862026
-1.912881
-2.103276
-2.150447
-2.139200
-1.897020
-1.840263
-2.429741
-1.852552
-1.867216
-1.924785
-1.913400
-2.033118
-2.065828
-2.034799
-2.019927
-2.031321
-2.022209
-2.390873
-2.023214
-2.031513
-2.031294
-2.036955
-2.044189
-2.048007
-2.056990
-2.079525
-2.101137
-2.106847
-2.754910
-2.354391
-2.116018
-2.136491
-2.140687
-2.142205
-2.152540
-2.145083
-2.133247
-2.132071
-2.145175
-2.143120
-2.314592
-2.163599
-2.159713
-2.157205
-2.155413
-2.151426
-2.157882
-2.153343
-2.155068
-2.160328
-2.160494
-2.250450
-2.153410
-2.140920
-2.135196
-2.126279
-2.129637
-2.135147
-2.135577
-2.147326
-2.148176
-2.145211
-2.222473
-2.137218
-2.125317
-2.119556
-2.120171
-2.112802
-2.109639
-2.110921
-2.116817
-2.123600
-2.122478
-2.214480
-2.114058
-2.109832
-2.110068
-2.113129
-2.115171
-2.103942
-2.136377
-2.131576
-2.145660
-2.137416
-2.228611
-2.139104
-2.125741
-2.111532
-2.094931
-2.105412
-2.117983
-2.131628
-2.159636
-2.162036
-2.195652
-2.231919
-2.221533
-2.259527
-2.279145
-2.296643
-2.295428
-2.303334
-2.286968
-2.286269
-2.238139
-2.246310
-2.216437
-2.256230
-2.241118
-2.229512
-2.260688
-2.283282
-2.323100
-2.284774
-2.277292
-2.245835
-2.253283
-2.189803
-2.250047
-2.232179
-2.248782
-2.213634
-2.205071
-2.205999
-2.147371
-2.126924
-2.129236
-2.105464
-2.173160
-2.115166
-2.083681
-2.077146
-2.021412
-1.988225
-1.963212
-1.953474
-1.951738
-1.942216
-1.972601
